0.61 0.728229
0.622 0.716226
0.634 0.70413
0.646 0.691942
0.658 0.679663
0.67 0.667291
0.682 0.654827
0.694 0.642272
0.706 0.629626
0.718 0.616888
0.73 0.604061
0.742 0.591143
0.754 0.578135
0.766 0.565039
0.778 0.551854
0.79 0.538582
0.802 0.525223
0.814 0.511778
0.826 0.498249
0.838 0.484635
0.85 0.470938
0.862 0.45716
0.874 0.443301
0.886 0.429362
0.898 0.415346
0.91 0.401254
0.922 0.387087
0.934 0.372846
0.946 0.358535
0.958 0.344153
0.97 0.329704
0.982 0.31519
0.994 0.300611
1.006 0.285972
1.018 0.271273
1.03 0.256517
1.042 0.241707
1.054 0.226845
1.066 0.211934
1.078 0.196976
1.09 0.181975
1.102 0.166932
1.114 0.151852
1.126 0.136738
1.138 0.121591
1.15 0.106416
1.162 0.0912161
1.174 0.0759943
1.186 0.0607543
1.198 0.0454996
1.21 0.0302337
1.222 0.0149604
1.234 -0.000316653
1.246 -0.0155936
1.258 -0.0308666
1.27 -0.0461317
1.282 -0.0613849
1.294 -0.0766223
1.306 -0.0918398
1.318 -0.107033
1.33 -0.122199
1.342 -0.137332
1.354 -0.152428
1.366 -0.167484
1.378 -0.182495
1.39 -0.197457
1.402 -0.212365
1.414 -0.227216
1.426 -0.242005
1.438 -0.256727
1.45 -0.27138
1.462 -0.285958
1.474 -0.300457
1.486 -0.314874
1.498 -0.329204
1.51 -0.343443
1.522 -0.357587
1.534 -0.371632
1.546 -0.385575
1.558 -0.399411
1.57 -0.413137
1.582 -0.426748
1.594 -0.440243
1.606 -0.453616
1.618 -0.466864
1.63 -0.479985
1.642 -0.492974
1.654 -0.505829
1.666 -0.518547
1.678 -0.531124
1.69 -0.543558
1.702 -0.555845
1.714 -0.567984
1.726 -0.579972
1.738 -0.591806
1.75 -0.603484
1.762 -0.615004
1.774 -0.626364
1.786 -0.637561
1.798 -0.648594
