-1 0
-0.979798 0.00804519
-0.959596 0.016058
-0.939394 0.0240061
-0.919192 0.0318576
-0.89899 0.0395808
-0.878788 0.0471446
-0.858586 0.0545186
-0.838384 0.061673
-0.818182 0.0685791
-0.79798 0.0752091
-0.777778 0.0815362
-0.757576 0.087535
-0.737374 0.0931814
-0.717172 0.0984525
-0.69697 0.103327
-0.676768 0.107786
-0.656566 0.11181
-0.636364 0.115385
-0.616162 0.118495
-0.59596 0.121127
-0.575758 0.123272
-0.555556 0.124921
-0.535354 0.126066
-0.515152 0.126704
-0.494949 0.126832
-0.474747 0.126449
-0.454545 0.125557
-0.434343 0.124159
-0.414141 0.122261
-0.393939 0.119871
-0.373737 0.116999
-0.353535 0.113655
-0.333333 0.109853
-0.313131 0.10561
-0.292929 0.100941
-0.272727 0.0958652
-0.252525 0.0904037
-0.232323 0.0845782
-0.212121 0.0784121
-0.191919 0.0719303
-0.171717 0.0651589
-0.151515 0.058125
-0.131313 0.0508572
-0.111111 0.0433845
-0.0909091 0.0357372
-0.0707071 0.0279459
-0.0505051 0.0200421
-0.030303 0.0120577
-0.010101 0.00402462
0.010101 -0.00402462
0.030303 -0.0120577
0.0505051 -0.0200421
0.0707071 -0.0279459
0.0909091 -0.0357372
0.111111 -0.0433845
0.131313 -0.0508572
0.151515 -0.058125
0.171717 -0.0651589
0.191919 -0.0719303
0.212121 -0.0784121
0.232323 -0.0845782
0.252525 -0.0904037
0.272727 -0.0958652
0.292929 -0.100941
0.313131 -0.10561
0.333333 -0.109853
0.353535 -0.113655
0.373737 -0.116999
0.393939 -0.119871
0.414141 -0.122261
0.434343 -0.124159
0.454545 -0.125557
0.474747 -0.126449
0.494949 -0.126832
0.515152 -0.126704
0.535354 -0.126066
0.555556 -0.124921
0.575758 -0.123272
0.59596 -0.121127
0.616162 -0.118495
0.636364 -0.115385
0.656566 -0.11181
0.676768 -0.107786
0.69697 -0.103327
0.717172 -0.0984525
0.737374 -0.0931814
0.757576 -0.087535
0.777778 -0.0815362
0.79798 -0.0752091
0.818182 -0.0685791
0.838384 -0.061673
0.858586 -0.0545186
0.878788 -0.0471446
0.89899 -0.0395808
0.919192 -0.0318576
0.939394 -0.0240061
0.959596 -0.016058
0.979798 -0.00804519
1 6.75632e-10
