-1 0
-0.979798 0.00201309
-0.959596 0.00402415
-0.939394 0.00603116
-0.919192 0.0080321
-0.89899 0.0100249
-0.878788 0.0120077
-0.858586 0.0139784
-0.838384 0.015935
-0.818182 0.0178755
-0.79798 0.0197981
-0.777778 0.0217007
-0.757576 0.0235815
-0.737374 0.0254385
-0.717172 0.0272699
-0.69697 0.0290739
-0.676768 0.0308485
-0.656566 0.0325922
-0.636364 0.034303
-0.616162 0.0359793
-0.59596 0.0376193
-0.575758 0.0392215
-0.555556 0.0407842
-0.535354 0.0423058
-0.515152 0.0437848
-0.494949 0.0452197
-0.474747 0.0466091
-0.454545 0.0479516
-0.434343 0.0492458
-0.414141 0.0504905
-0.393939 0.0516842
-0.373737 0.052826
-0.353535 0.0539145
-0.333333 0.0549488
-0.313131 0.0559278
-0.292929 0.0568504
-0.272727 0.0577158
-0.252525 0.0585231
-0.232323 0.0592715
-0.212121 0.0599602
-0.191919 0.0605885
-0.171717 0.0611558
-0.151515 0.0616616
-0.131313 0.0621052
-0.111111 0.0624864
-0.0909091 0.0628046
-0.0707071 0.0630596
-0.0505051 0.0632511
-0.030303 0.0633789
-0.010101 0.0634429
0.010101 0.063443
0.030303 0.0633793
0.0505051 0.0632517
0.0707071 0.0630604
0.0909091 0.0628057
0.111111 0.0624877
0.131313 0.0621068
0.151515 0.0616634
0.171717 0.0611579
0.191919 0.0605908
0.212121 0.0599627
0.232323 0.0592743
0.252525 0.0585261
0.272727 0.057719
0.292929 0.0568539
0.313131 0.0559314
0.333333 0.0549527
0.353535 0.0539186
0.373737 0.0528303
0.393939 0.0516887
0.414141 0.0504952
0.434343 0.0492507
0.454545 0.0479567
0.474747 0.0466144
0.494949 0.0452252
0.515152 0.0437904
0.535354 0.0423116
0.555556 0.0407901
0.575758 0.0392276
0.59596 0.0376255
0.616162 0.0359856
0.636364 0.0343095
0.656566 0.0325988
0.676768 0.0308553
0.69697 0.0290807
0.717172 0.0272769
0.737374 0.0254456
0.757576 0.0235887
0.777778 0.021708
0.79798 0.0198054
0.818182 0.017883
0.838384 0.0159425
0.858586 0.0139859
0.878788 0.0120153
0.89899 0.0100326
0.919192 0.00803979
0.939394 0.00603888
0.959596 0.00403189
0.979798 0.00202084
1 7.75505e-06
