1.8 21139.3
1.85 15123.6
1.9 10905
1.95 7920.49
2 5791.51
2.05 4260.99
2.1 3152.65
2.15 2344.52
2.2 1751.52
2.25 1313.76
2.3 988.801
2.35 746.328
2.4 564.539
2.45 427.65
2.5 324.162
2.55 245.646
2.6 185.889
2.65 140.287
2.7 105.41
2.75 78.6893
2.8 58.1941
2.85 42.4656
2.9 30.3972
2.95 21.1466
3 14.0698
3.05 8.67332
3.1 4.57726
3.15 1.48872
3.2 -0.818898
3.25 -2.52127
3.3 -3.75491
3.35 -4.62607
3.4 -5.21758
3.45 -5.59408
3.5 -5.80609
3.55 -5.89307
3.6 -5.88585
3.65 -5.80854
3.7 -5.67992
3.75 -5.51462
3.8 -5.32403
3.85 -5.11694
3.9 -4.90012
3.95 -4.67876
4 -4.45678
4.05 -4.23715
4.1 -4.02203
4.15 -3.81299
4.2 -3.61114
4.25 -3.4172
4.3 -3.23161
4.35 -3.05461
4.4 -2.88626
4.45 -2.72648
4.5 -2.57511
4.55 -2.43194
4.6 -2.29667
4.65 -2.16901
4.7 -2.04861
4.75 -1.93515
4.8 -1.82827
4.85 -1.72763
4.9 -1.6329
4.95 -1.54374
5 -1.45984
5.05 -1.38089
5.1 -1.30659
5.15 -1.23669
5.2 -1.17089
5.25 -1.10897
5.3 -1.05067
5.35 -0.995776
5.4 -0.944081
5.45 -0.895384
5.5 -0.849501
5.55 -0.806255
5.6 -0.765486
5.65 -0.727038
5.7 -0.690769
5.75 -0.656545
5.8 -0.62424
5.85 -0.593735
5.9 -0.564923
5.95 -0.537698
6 -0.511965
6.05 -0.487634
6.1 -0.46462
6.15 -0.442845
6.2 -0.422235
6.25 -0.40272
6.3 -0.384236
6.35 -0.366722
6.4 -0.350123
6.45 -0.334383
6.5 -0.319455
6.55 -0.30529
6.6 -0.291847
6.65 -0.279082
6.7 -0.266959
6.75 -0.255441
6.8 -0.244493
6.85 -0.234086
6.9 -0.224187
6.95 -0.214771
7 -0.205809
7.05 -0.197279
7.1 -0.189155
7.15 -0.181417
7.2 -0.174043
7.25 -0.167015
7.3 -0.160315
7.35 -0.153924
7.4 -0.147827
7.45 -0.142009
7.5 -0.136455
7.55 -0.131152
7.6 -0.126087
7.65 -0.121248
7.7 -0.116623
7.75 -0.112202
7.8 -0.107975
7.85 -0.103932
7.9 -0.100063
7.95 -0.0963617
8 -0.0928182
8.05 -0.0894254
8.1 -0.0861761
8.15 -0.0830633
8.2 -0.0800805
8.25 -0.0772217
8.3 -0.074481
8.35 -0.0718529
8.4 -0.0693321
8.45 -0.0669136
8.5 -0.0645928
8.55 -0.0623652
8.6 -0.0602266
8.65 -0.0581728
8.7 -0.0562002
8.75 -0.054305
8.8 -0.0524839
8.85 -0.0507335
8.9 -0.0490508
8.95 -0.0474327
9 -0.0458764
9.05 -0.0443793
9.1 -0.0429389
9.15 -0.0415526
9.2 -0.0402182
9.25 -0.0389334
9.3 -0.0376963
9.35 -0.0365047
9.4 -0.0353567
9.45 -0.0342506
9.5 -0.0331847
9.55 -0.0321572
9.6 -0.0311666
9.65 -0.0302114
9.7 -0.0292901
9.75 -0.0284014
9.8 -0.027544
9.85 -0.0267166
9.9 -0.0259181
9.95 -0.0251472
10 -0.0244029
10.05 -0.0236842
10.1 -0.02299
10.15 -0.0223195
10.2 -0.0216716
10.25 -0.0210456
10.3 -0.0204405
10.35 -0.0198556
10.4 -0.0192902
10.45 -0.0187434
10.5 -0.0182146
10.55 -0.0177031
10.6 -0.0172083
10.65 -0.0167296
10.7 -0.0162663
10.75 -0.0158179
10.8 -0.0153839
10.85 -0.0149636
10.9 -0.0145567
10.95 -0.0141627
11 -0.013781
11.05 -0.0134113
11.1 -0.0130531
11.15 -0.012706
11.2 -0.0123696
11.25 -0.0120435
11.3 -0.0117275
11.35 -0.011421
11.4 -0.0111239
11.45 -0.0108357
11.5 -0.0105563
11.55 -0.0102851
11.6 -0.0100221
11.65 -0.00976688
11.7 -0.00951921
11.75 -0.00927883
11.8 -0.0090455
11.85 -0.00881899
11.9 -0.00859906
11.95 -0.00838551
12 -0.00817812
12.05 -0.00797668
12.1 -0.00778101
12.15 -0.00759091
12.2 -0.00740621
12.25 -0.00722673
12.3 -0.0070523
12.35 -0.00688276
12.4 -0.00671796
12.45 -0.00655774
12.5 -0.00640197
12.55 -0.00625049
12.6 -0.00610317
12.65 -0.00595989
12.7 -0.00582052
12.75 -0.00568494
12.8 -0.00555302
12.85 -0.00542466
12.9 -0.00529975
12.95 -0.00517818
13 -0.00505985
13.05 -0.00494467
13.1 -0.00483253
13.15 -0.00472335
13.2 -0.00461703
13.25 -0.00451349
13.3 -0.00441266
13.35 -0.00431444
13.4 -0.00421876
13.45 -0.00412555
13.5 -0.00403473
13.55 -0.00394623
13.6 -0.00386
13.65 -0.00377595
13.7 -0.00369403
13.75 -0.00361417
13.8 -0.00353632
13.85 -0.00346042
13.9 -0.00338641
13.95 -0.00331425
14 -0.00324387
14.05 -0.00317523
14.1 -0.00310827
14.15 -0.00304296
14.2 -0.00297925
14.25 -0.00291708
14.3 -0.00285642
14.35 -0.00279723
14.4 -0.00273947
14.45 -0.00268309
14.5 -0.00262806
14.55 -0.00257434
14.6 -0.0025219
14.65 -0.0024707
14.7 -0.00242071
14.75 -0.0023719
14.8 -0.00232423
14.85 -0.00227767
14.9 -0.0022322
14.95 -0.00218778
15 -0.00214439
15.05 -0.002102
15.1 -0.00206059
15.15 -0.00202013
15.2 -0.00198058
15.25 -0.00194194
15.3 -0.00190418
15.35 -0.00186727
15.4 -0.00183119
15.45 -0.00179592
15.5 -0.00176144
15.55 -0.00172774
15.6 -0.00169478
15.65 -0.00166255
15.7 -0.00163104
15.75 -0.00160022
15.8 -0.00157007
15.85 -0.00154059
15.9 -0.00151175
15.95 -0.00148354
16 -0.00145594
16.05 -0.00142894
16.1 -0.00140252
16.15 -0.00137667
16.2 -0.00135138
16.25 -0.00132662
16.3 -0.00130239
16.35 -0.00127868
16.4 -0.00125547
16.45 -0.00123274
16.5 -0.0012105
16.55 -0.00118873
16.6 -0.0011674
16.65 -0.00114653
16.7 -0.00112609
16.75 -0.00110607
16.8 -0.00108646
16.85 -0.00106726
16.9 -0.00104846
16.95 -0.00103004
17 -0.001012
17.05 -0.000994321
17.1 -0.000977005
17.15 -0.000960039
17.2 -0.000943416
17.25 -0.000927128
17.3 -0.000911167
17.35 -0.000895525
17.4 -0.000880196
17.45 -0.000865173
17.5 -0.000850447
17.55 -0.000836013
17.6 -0.000821864
17.65 -0.000807994
17.7 -0.000794396
17.75 -0.000781064
17.8 -0.000767993
17.85 -0.000755176
17.9 -0.000742608
17.95 -0.000730283
