1.8 21140.6
1.85 15124.8
1.9 10906.2
1.95 7921.58
2 5792.55
2.05 4261.98
2.1 3153.59
2.15 2345.42
2.2 1752.38
2.25 1314.58
2.3 989.587
2.35 747.081
2.4 565.261
2.45 428.343
2.5 324.827
2.55 246.285
2.6 186.504
2.65 140.88
2.7 105.981
2.75 79.2394
2.8 58.7247
2.85 42.9777
2.9 30.8919
2.95 21.6246
3 14.5321
3.05 9.12051
3.1 5.01014
3.15 1.90797
3.2 -0.412648
3.25 -2.12743
3.3 -3.37291
3.35 -4.25539
3.4 -4.85771
3.45 -5.24458
3.5 -5.4665
3.55 -5.56297
3.6 -5.56486
3.65 -5.49628
3.7 -5.37604
3.75 -5.2188
3.8 -5.03594
3.85 -4.83628
3.9 -4.62661
3.95 -4.41213
4 -4.19678
4.05 -3.98353
4.1 -3.77456
4.15 -3.57145
4.2 -3.37531
4.25 -3.18688
4.3 -3.00663
4.35 -2.83477
4.4 -2.67138
4.45 -2.5164
4.5 -2.36968
4.55 -2.23099
4.6 -2.10007
4.65 -1.97661
4.7 -1.86029
4.75 -1.75077
4.8 -1.64771
4.85 -1.55078
4.9 -1.45963
4.95 -1.37396
5 -1.29344
5.05 -1.21776
5.1 -1.14666
5.15 -1.07984
5.2 -1.01705
5.25 -0.958035
5.3 -0.902572
5.35 -0.850436
5.4 -0.80142
5.45 -0.755329
5.5 -0.71198
5.55 -0.671201
5.6 -0.632833
5.65 -0.596722
5.7 -0.56273
5.75 -0.530723
5.8 -0.500577
5.85 -0.472178
5.9 -0.445417
5.95 -0.420192
6 -0.396409
6.05 -0.37398
6.1 -0.352822
6.15 -0.332858
6.2 -0.314014
6.25 -0.296224
6.3 -0.279424
6.35 -0.263554
6.4 -0.24856
6.45 -0.234389
6.5 -0.220993
6.55 -0.208326
6.6 -0.196346
6.65 -0.185012
6.7 -0.174288
6.75 -0.164137
6.8 -0.154528
6.85 -0.145429
6.9 -0.136811
6.95 -0.128647
7 -0.120911
7.05 -0.113581
7.1 -0.106632
7.15 -0.100044
7.2 -0.0937965
7.25 -0.0878716
7.3 -0.0822513
7.35 -0.0769191
7.4 -0.0718595
7.45 -0.0670576
7.5 -0.0624998
7.55 -0.058173
7.6 -0.0540649
7.65 -0.0501641
7.7 -0.0464595
7.75 -0.042941
7.8 -0.0395989
7.85 -0.0364239
7.9 -0.0334075
7.95 -0.0305415
8 -0.0278182
8.05 -0.0252304
8.1 -0.0227711
8.15 -0.0204339
8.2 -0.0182126
8.25 -0.0161014
8.3 -0.0140949
8.35 -0.0121878
8.4 -0.0103751
8.45 -0.00865234
8.5 -0.00701496
8.55 -0.00545881
8.6 -0.00397994
8.65 -0.00257458
8.7 -0.00123917
8.75 2.96485e-05
8.8 0.0012351
8.85 0.0023802
8.9 0.00346786
8.95 0.00450079
9 0.0054816
9.05 0.00641276
9.1 0.00729661
9.15 0.00813537
9.2 0.00893117
9.25 0.009686
9.3 0.0104018
9.35 0.0110803
9.4 0.0117234
9.45 0.0123326
9.5 0.0129095
9.55 0.0134556
9.6 0.0139723
9.65 0.014461
9.7 0.0149229
9.75 0.0153593
9.8 0.0157713
9.85 0.01616
9.9 0.0165266
9.95 0.016872
10 0.0171971
10.05 0.0175029
10.1 0.0177903
10.15 0.0180601
10.2 0.018313
10.25 0.0185499
10.3 0.0187715
10.35 0.0189784
10.4 0.0191714
10.45 0.019351
10.5 0.0195178
10.55 0.0196725
10.6 0.0198155
10.65 0.0199474
10.7 0.0200687
10.75 0.0201799
10.8 0.0202814
10.85 0.0203737
10.9 0.0204571
10.95 0.0205322
11 0.0205991
11.05 0.0206584
11.1 0.0207104
11.15 0.0207554
11.2 0.0207937
11.25 0.0208256
11.3 0.0208514
11.35 0.0208715
11.4 0.0208859
11.45 0.0208952
11.5 0.0208993
11.55 0.0208987
11.6 0.0208935
11.65 0.0208839
11.7 0.0208702
11.75 0.0208525
11.8 0.020831
11.85 0.0208059
11.9 0.0207774
11.95 0.0207456
12 0.0207108
12.05 0.020673
12.1 0.0206324
12.15 0.0205891
12.2 0.0205433
12.25 0.0204951
12.3 0.0204446
12.35 0.0203919
12.4 0.0203372
12.45 0.0202805
12.5 0.020222
12.55 0.0201618
12.6 0.0200999
12.65 0.0200365
12.7 0.0199715
12.75 0.0199052
12.8 0.0198376
12.85 0.0197688
12.9 0.0196987
12.95 0.0196276
13 0.0195555
13.05 0.0194825
13.1 0.0194085
13.15 0.0193337
13.2 0.0192581
13.25 0.0191818
13.3 0.0191048
13.35 0.0190272
13.4 0.018949
13.45 0.0188703
13.5 0.0187911
13.55 0.0187114
13.6 0.0186314
13.65 0.0185509
13.7 0.0184702
13.75 0.0183891
13.8 0.0183078
13.85 0.0182263
13.9 0.0181446
13.95 0.0180627
14 0.0179806
14.05 0.0178985
14.1 0.0178162
14.15 0.0177339
14.2 0.0176516
14.25 0.0175692
14.3 0.0174869
14.35 0.0174045
14.4 0.0173223
14.45 0.01724
14.5 0.0171579
14.55 0.0170759
14.6 0.016994
14.65 0.0169122
14.7 0.0168305
14.75 0.016749
14.8 0.0166677
14.85 0.0165866
14.9 0.0165057
14.95 0.016425
15 0.0163445
15.05 0.0162642
15.1 0.0161842
15.15 0.0161045
15.2 0.016025
15.25 0.0159457
15.3 0.0158668
15.35 0.0157881
15.4 0.0157097
15.45 0.0156316
15.5 0.0155539
15.55 0.0154764
15.6 0.0153992
15.65 0.0153224
15.7 0.0152459
15.75 0.0151698
15.8 0.0150939
15.85 0.0150184
15.9 0.0149433
15.95 0.0148685
16 0.0147941
16.05 0.01472
16.1 0.0146462
16.15 0.0145729
16.2 0.0144999
16.25 0.0144272
16.3 0.014355
16.35 0.014283
16.4 0.0142115
16.45 0.0141404
16.5 0.0140696
16.55 0.0139992
16.6 0.0139291
16.65 0.0138595
16.7 0.0137902
16.75 0.0137213
16.8 0.0136528
16.85 0.0135846
16.9 0.0135169
16.95 0.0134495
17 0.0133825
17.05 0.0133158
17.1 0.0132496
17.15 0.0131837
17.2 0.0131182
17.25 0.0130531
17.3 0.0129884
17.35 0.012924
17.4 0.0128601
17.45 0.0127965
17.5 0.0127332
17.55 0.0126704
17.6 0.0126079
17.65 0.0125458
17.7 0.012484
17.75 0.0124227
17.8 0.0123617
17.85 0.012301
17.9 0.0122408
17.95 0.0121809
