1.8 21143.1
1.85 15127.2
1.9 10908.5
1.95 7923.77
2 5794.63
2.05 4263.96
2.1 3155.48
2.15 2347.22
2.2 1754.1
2.25 1316.22
2.3 991.16
2.35 748.587
2.4 566.705
2.45 429.729
2.5 326.158
2.55 247.565
2.6 187.735
2.65 142.064
2.7 107.122
2.75 80.3396
2.8 59.786
2.85 44.002
2.9 31.8812
2.95 22.5807
3 15.4565
3.05 10.0149
3.1 5.87591
3.15 2.74646
3.2 0.399852
3.25 -1.33974
3.3 -2.60891
3.35 -3.51402
3.4 -4.13799
3.45 -4.54556
3.5 -4.78731
3.55 -4.90279
3.6 -4.92289
3.65 -4.87178
3.7 -4.7683
3.75 -4.62716
3.8 -4.45977
3.85 -4.27498
3.9 -4.07961
3.95 -3.87888
4 -3.67678
4.05 -3.47629
4.1 -3.27961
4.15 -3.08836
4.2 -2.90365
4.25 -2.72626
4.3 -2.55665
4.35 -2.39508
4.4 -2.24163
4.45 -2.09625
4.5 -1.95882
4.55 -1.82911
4.6 -1.70688
4.65 -1.59183
4.7 -1.48365
4.75 -1.38202
4.8 -1.2866
4.85 -1.19707
4.9 -1.11311
4.95 -1.0344
5 -0.960635
5.05 -0.891521
5.1 -0.826779
5.15 -0.766141
5.2 -0.709354
5.25 -0.656176
5.3 -0.606381
5.35 -0.559756
5.4 -0.516098
5.45 -0.475218
5.5 -0.436939
5.55 -0.401094
5.6 -0.367526
5.65 -0.336091
5.7 -0.306651
5.75 -0.279078
5.8 -0.253253
5.85 -0.229063
5.9 -0.206405
5.95 -0.18518
6 -0.165298
6.05 -0.146674
6.1 -0.129226
6.15 -0.112883
6.2 -0.0975728
6.25 -0.0832318
6.3 -0.069799
6.35 -0.0572178
6.4 -0.0454351
6.45 -0.0344013
6.5 -0.0240702
6.55 -0.0143983
6.6 -0.00534519
6.65 0.0031271
6.7 0.0110541
6.75 0.018469
6.8 0.0254029
6.85 0.0318849
6.9 0.0379424
6.95 0.043601
7 0.0488845
7.05 0.0538155
7.1 0.058415
7.15 0.0627028
7.2 0.0666974
7.25 0.0704162
7.3 0.0738755
7.35 0.0770908
7.4 0.0800763
7.45 0.0828455
7.5 0.0854113
7.55 0.0877855
7.6 0.0899794
7.65 0.0920035
7.7 0.0938677
7.75 0.0955813
7.8 0.0971533
7.85 0.0985917
7.9 0.0999045
7.95 0.101099
8 0.102182
8.05 0.10316
8.1 0.104039
8.15 0.104825
8.2 0.105523
8.25 0.106139
8.3 0.106677
8.35 0.107142
8.4 0.107539
8.45 0.10787
8.5 0.108141
8.55 0.108354
8.6 0.108513
8.65 0.108622
8.7 0.108683
8.75 0.108699
8.8 0.108673
8.85 0.108608
8.9 0.108505
8.95 0.108368
9 0.108198
9.05 0.107997
9.1 0.107768
9.15 0.107511
9.2 0.10723
9.25 0.106925
9.3 0.106598
9.35 0.10625
9.4 0.105884
9.45 0.105499
9.5 0.105098
9.55 0.104681
9.6 0.10425
9.65 0.103806
9.7 0.103349
9.75 0.102881
9.8 0.102402
9.85 0.101913
9.9 0.101416
9.95 0.10091
10 0.100397
10.05 0.0998771
10.1 0.0993509
10.15 0.0988191
10.2 0.0982823
10.25 0.0977409
10.3 0.0971955
10.35 0.0966465
10.4 0.0960945
10.45 0.0955397
10.5 0.0949827
10.55 0.0944237
10.6 0.0938632
10.65 0.0933015
10.7 0.0927388
10.75 0.0921756
10.8 0.091612
10.85 0.0910484
10.9 0.0904849
10.95 0.0899219
11 0.0893595
11.05 0.0887979
11.1 0.0882374
11.15 0.0876781
11.2 0.0871202
11.25 0.0865639
11.3 0.0860092
11.35 0.0854564
11.4 0.0849056
11.45 0.0843569
11.5 0.0838105
11.55 0.0832663
11.6 0.0827246
11.65 0.0821854
11.7 0.0816489
11.75 0.081115
11.8 0.0805839
11.85 0.0800557
11.9 0.0795303
11.95 0.0790079
12 0.0784886
12.05 0.0779723
12.1 0.0774591
12.15 0.076949
12.2 0.0764422
12.25 0.0759386
12.3 0.0754383
12.35 0.0749412
12.4 0.0744475
12.45 0.0739571
12.5 0.07347
12.55 0.0729864
12.6 0.072506
12.65 0.0720291
12.7 0.0715556
12.75 0.0710855
12.8 0.0706189
12.85 0.0701556
12.9 0.0696957
12.95 0.0692393
13 0.0687863
13.05 0.0683367
13.1 0.0678905
13.15 0.0674477
13.2 0.0670083
13.25 0.0665723
13.3 0.0661397
13.35 0.0657104
13.4 0.0652845
13.45 0.0648619
13.5 0.0644426
13.55 0.0640267
13.6 0.0636141
13.65 0.0632047
13.7 0.0627986
13.75 0.0623957
13.8 0.0619961
13.85 0.0615997
13.9 0.0612065
13.95 0.0608165
14 0.0604296
14.05 0.0600459
14.1 0.0596652
14.15 0.0592877
14.2 0.0589132
14.25 0.0585418
14.3 0.0581735
14.35 0.0578081
14.4 0.0574457
14.45 0.0570863
14.5 0.0567298
14.55 0.0563763
14.6 0.0560257
14.65 0.0556779
14.7 0.055333
14.75 0.0549909
14.8 0.0546517
14.85 0.0543152
14.9 0.0539815
14.95 0.0536505
15 0.0533223
15.05 0.0529967
15.1 0.0526739
15.15 0.0523536
15.2 0.052036
15.25 0.0517211
15.3 0.0514086
15.35 0.0510988
15.4 0.0507915
15.45 0.0504867
15.5 0.0501844
15.55 0.0498846
15.6 0.0495873
15.65 0.0492923
15.7 0.0489998
15.75 0.0487097
15.8 0.0484219
15.85 0.0481365
15.9 0.0478534
15.95 0.0475726
16 0.0472941
16.05 0.0470178
16.1 0.0467438
16.15 0.046472
16.2 0.0462024
16.25 0.0459349
16.3 0.0456696
16.35 0.0454065
16.4 0.0451455
16.45 0.0448866
16.5 0.0446297
16.55 0.0443749
16.6 0.0441222
16.65 0.0438715
16.7 0.0436227
16.75 0.043376
16.8 0.0431312
16.85 0.0428884
16.9 0.0426475
16.95 0.0424085
17 0.0421714
17.05 0.0419362
17.1 0.0417028
17.15 0.0414713
17.2 0.0412415
17.25 0.0410136
17.3 0.0407875
17.35 0.0405632
17.4 0.0403406
17.45 0.0401197
17.5 0.0399006
17.55 0.0396831
17.6 0.0394674
17.65 0.0392533
17.7 0.0390409
17.75 0.0388301
17.8 0.038621
17.85 0.0384134
17.9 0.0382075
17.95 0.0380031
