1.8 21147
1.85 15130.9
1.9 10911.9
1.95 7927.05
2 5797.75
2.05 4266.93
2.1 3158.31
2.15 2349.92
2.2 1756.68
2.25 1318.69
2.3 993.519
2.35 750.847
2.4 568.872
2.45 431.808
2.5 328.155
2.55 249.484
2.6 189.581
2.65 143.841
2.7 108.834
2.75 81.9898
2.8 61.3778
2.85 45.5385
2.9 33.3651
2.95 24.0147
3 16.8432
3.05 11.3565
3.1 7.17455
3.15 4.00421
3.2 1.6186
3.25 -0.158197
3.3 -1.4629
3.35 -2.40197
3.4 -3.05841
3.45 -3.49704
3.5 -3.76854
3.55 -3.91251
3.6 -3.95993
3.65 -3.93501
3.7 -3.85669
3.75 -3.73969
3.8 -3.5955
3.85 -3.43301
3.9 -3.25909
3.95 -3.07901
4 -2.89678
4.05 -2.71543
4.1 -2.5372
4.15 -2.36373
4.2 -2.19617
4.25 -2.03533
4.3 -1.88169
4.35 -1.73555
4.4 -1.597
4.45 -1.46603
4.5 -1.34252
4.55 -1.22629
4.6 -1.11709
4.65 -1.01465
4.7 -0.918689
4.75 -0.828887
4.8 -0.744935
4.85 -0.666518
4.9 -0.593329
4.95 -0.525065
5 -0.461435
5.05 -0.402158
5.1 -0.346964
5.15 -0.295597
5.2 -0.247815
5.25 -0.203387
5.3 -0.162095
5.35 -0.123735
5.4 -0.088114
5.45 -0.0550511
5.5 -0.0243766
5.55 0.0040684
5.6 0.0304328
5.65 0.0548557
5.7 0.0774672
5.75 0.0983889
5.8 0.117734
5.85 0.135609
5.9 0.152113
5.95 0.167337
6 0.181368
6.05 0.194287
6.1 0.206167
6.15 0.21708
6.2 0.227089
6.25 0.236256
6.3 0.244638
6.35 0.252287
6.4 0.259252
6.45 0.265581
6.5 0.271314
6.55 0.276494
6.6 0.281156
6.65 0.285336
6.7 0.289067
6.75 0.292378
6.8 0.295299
6.85 0.297855
6.9 0.300072
6.95 0.301973
7 0.303578
7.05 0.304909
7.1 0.305985
7.15 0.306822
7.2 0.307438
7.25 0.307848
7.3 0.308066
7.35 0.308106
7.4 0.30798
7.45 0.3077
7.5 0.307278
7.55 0.306723
7.6 0.306046
7.65 0.305255
7.7 0.304358
7.75 0.303365
7.8 0.302281
7.85 0.301115
7.9 0.299872
7.95 0.298559
8 0.297182
8.05 0.295745
8.1 0.294254
8.15 0.292713
8.2 0.291127
8.25 0.2895
8.3 0.287836
8.35 0.286138
8.4 0.284409
8.45 0.282654
8.5 0.280874
8.55 0.279073
8.6 0.277253
8.65 0.275417
8.7 0.273566
8.75 0.271703
8.8 0.26983
8.85 0.267949
8.9 0.266061
8.95 0.264168
9 0.262272
9.05 0.260373
9.1 0.258474
9.15 0.256575
9.2 0.254678
9.25 0.252783
9.3 0.250892
9.35 0.249005
9.4 0.247124
9.45 0.245249
9.5 0.24338
9.55 0.24152
9.6 0.239667
9.65 0.237823
9.7 0.235988
9.75 0.234163
9.8 0.232348
9.85 0.230543
9.9 0.22875
9.95 0.226968
10 0.225197
10.05 0.223438
10.1 0.221692
10.15 0.219958
10.2 0.218236
10.25 0.216527
10.3 0.214831
10.35 0.213149
10.4 0.211479
10.45 0.209823
10.5 0.20818
10.55 0.206551
10.6 0.204935
10.65 0.203333
10.7 0.201744
10.75 0.200169
10.8 0.198608
10.85 0.19706
10.9 0.195527
10.95 0.194006
11 0.1925
11.05 0.191007
11.1 0.189528
11.15 0.188062
11.2 0.18661
11.25 0.185171
11.3 0.183746
11.35 0.182334
11.4 0.180935
11.45 0.17955
11.5 0.178177
11.55 0.176818
11.6 0.175471
11.65 0.174138
11.7 0.172817
11.75 0.171509
11.8 0.170213
11.85 0.16893
11.9 0.16766
11.95 0.166401
12 0.165155
12.05 0.163921
12.1 0.162699
12.15 0.161489
12.2 0.160291
12.25 0.159104
12.3 0.157929
12.35 0.156765
12.4 0.155613
12.45 0.154472
12.5 0.153342
12.55 0.152223
12.6 0.151115
12.65 0.150018
12.7 0.148932
12.75 0.147856
12.8 0.146791
12.85 0.145736
12.9 0.144691
12.95 0.143657
13 0.142632
13.05 0.141618
13.1 0.140614
13.15 0.139619
13.2 0.138634
13.25 0.137658
13.3 0.136692
13.35 0.135735
13.4 0.134788
13.45 0.133849
13.5 0.13292
13.55 0.132
13.6 0.131088
13.65 0.130185
13.7 0.129291
13.75 0.128406
13.8 0.127529
13.85 0.12666
13.9 0.125799
13.95 0.124947
14 0.124103
14.05 0.123267
14.1 0.122439
14.15 0.121618
14.2 0.120806
14.25 0.120001
14.3 0.119203
14.35 0.118413
14.4 0.117631
14.45 0.116856
14.5 0.116088
14.55 0.115327
14.6 0.114573
14.65 0.113827
14.7 0.113087
14.75 0.112354
14.8 0.111628
14.85 0.110908
14.9 0.110195
14.95 0.109489
15 0.108789
15.05 0.108095
15.1 0.107408
15.15 0.106727
15.2 0.106053
15.25 0.105384
15.3 0.104721
15.35 0.104065
15.4 0.103414
15.45 0.102769
15.5 0.10213
15.55 0.101497
15.6 0.100869
15.65 0.100247
15.7 0.0996307
15.75 0.0990196
15.8 0.0984139
15.85 0.0978136
15.9 0.0972185
15.95 0.0966287
16 0.0960441
16.05 0.0954645
16.1 0.0948901
16.15 0.0943206
16.2 0.0937561
16.25 0.0931965
16.3 0.0926417
16.35 0.0920917
16.4 0.0915464
16.45 0.0910059
16.5 0.0904699
16.55 0.0899386
16.6 0.0894118
16.65 0.0888895
16.7 0.0883716
16.75 0.0878581
16.8 0.0873489
16.85 0.086844
16.9 0.0863434
16.95 0.085847
17 0.0853548
17.05 0.0848667
17.1 0.0843826
17.15 0.0839026
17.2 0.0834265
17.25 0.0829544
17.3 0.0824862
17.35 0.0820219
17.4 0.0815613
17.45 0.0811046
17.5 0.0806516
17.55 0.0802023
17.6 0.0797566
17.65 0.0793146
17.7 0.0788762
17.75 0.0784413
17.8 0.0780099
17.85 0.077582
17.9 0.0771576
17.95 0.0767365
