1.8 21152.1
1.85 15135.8
1.9 10916.5
1.95 7931.43
2 5801.91
2.05 4270.89
2.1 3162.08
2.15 2353.52
2.2 1760.11
2.25 1321.98
2.3 996.665
2.35 753.86
2.4 571.761
2.45 434.58
2.5 330.818
2.55 252.043
2.6 192.043
2.65 146.211
2.7 111.116
2.75 84.1901
2.8 63.5002
2.85 47.5871
2.9 35.3437
2.95 25.9268
3 18.6921
3.05 13.1452
3.1 8.90608
3.15 5.68121
3.2 3.2436
3.25 1.41719
3.3 0.0651049
3.35 -0.919231
3.4 -1.61896
3.45 -2.09902
3.5 -2.41017
3.55 -2.59213
3.6 -2.67597
3.65 -2.686
3.7 -2.6412
3.75 -2.5564
3.8 -2.44315
3.85 -2.31039
3.9 -2.16508
3.95 -2.01252
4 -1.85678
4.05 -1.70095
4.1 -1.54731
4.15 -1.39755
4.2 -1.25286
4.25 -1.11408
4.3 -0.981747
4.35 -0.856171
4.4 -0.737495
4.45 -0.625731
4.5 -0.520792
4.55 -0.422518
4.6 -0.330698
4.65 -0.245084
4.7 -0.165407
4.75 -0.0913804
4.8 -0.0227124
4.85 0.0408897
4.9 0.0997158
4.95 0.154049
5 0.204165
5.05 0.250328
5.1 0.29279
5.15 0.331795
5.2 0.367569
5.25 0.400332
5.3 0.430287
5.35 0.457626
5.4 0.482531
5.45 0.505171
5.5 0.525706
5.55 0.544284
5.6 0.561045
5.65 0.576118
5.7 0.589625
5.75 0.601678
5.8 0.612383
5.85 0.621839
5.9 0.630136
5.95 0.63736
6 0.643591
6.05 0.648901
6.1 0.653359
6.15 0.657029
6.2 0.659971
6.25 0.66224
6.3 0.663887
6.35 0.66496
6.4 0.665502
6.45 0.665557
6.5 0.665161
6.55 0.66435
6.6 0.663158
6.65 0.661615
6.7 0.659751
6.75 0.657591
6.8 0.655161
6.85 0.652483
6.9 0.649579
6.95 0.646468
7 0.64317
7.05 0.639701
7.1 0.636078
7.15 0.632315
7.2 0.628426
7.25 0.624423
7.3 0.62032
7.35 0.616125
7.4 0.611851
7.45 0.607507
7.5 0.6031
7.55 0.59864
7.6 0.594135
7.65 0.58959
7.7 0.585013
7.75 0.58041
7.8 0.575786
7.85 0.571146
7.9 0.566496
7.95 0.56184
8 0.557182
8.05 0.552525
8.1 0.547874
8.15 0.543231
8.2 0.538599
8.25 0.533981
8.3 0.52938
8.35 0.524798
8.4 0.520237
8.45 0.515699
8.5 0.511186
8.55 0.506699
8.6 0.50224
8.65 0.49781
8.7 0.49341
8.75 0.489042
8.8 0.484706
8.85 0.480404
8.9 0.476135
8.95 0.471902
9 0.467704
9.05 0.463542
9.1 0.459416
9.15 0.455327
9.2 0.451275
9.25 0.447261
9.3 0.443284
9.35 0.439345
9.4 0.435445
9.45 0.431582
9.5 0.427757
9.55 0.423971
9.6 0.420222
9.65 0.416512
9.7 0.41284
9.75 0.409205
9.8 0.405609
9.85 0.40205
9.9 0.398528
9.95 0.395044
10 0.391597
10.05 0.388187
10.1 0.384813
10.15 0.381476
10.2 0.378175
10.25 0.374909
10.3 0.371679
10.35 0.368485
10.4 0.365325
10.45 0.3622
10.5 0.35911
10.55 0.356053
10.6 0.35303
10.65 0.350041
10.7 0.347084
10.75 0.34416
10.8 0.341269
10.85 0.33841
10.9 0.335582
10.95 0.332786
11 0.330021
11.05 0.327286
11.1 0.324582
11.15 0.321908
11.2 0.319263
11.25 0.316648
11.3 0.314062
11.35 0.311504
11.4 0.308975
11.45 0.306473
11.5 0.304
11.55 0.301553
11.6 0.299134
11.65 0.296741
11.7 0.294374
11.75 0.292034
11.8 0.289719
11.85 0.28743
11.9 0.285166
11.95 0.282926
12 0.280711
12.05 0.27852
12.1 0.276353
12.15 0.274209
12.2 0.272089
12.25 0.269991
12.3 0.267916
12.35 0.265864
12.4 0.263834
12.45 0.261825
12.5 0.259838
12.55 0.257872
12.6 0.255928
12.65 0.254004
12.7 0.2521
12.75 0.250217
12.8 0.248353
12.85 0.24651
12.9 0.244685
12.95 0.24288
13 0.241094
13.05 0.239327
13.1 0.237578
13.15 0.235847
13.2 0.234134
13.25 0.232439
13.3 0.230762
13.35 0.229102
13.4 0.227459
13.45 0.225833
13.5 0.224223
13.55 0.22263
13.6 0.221053
13.65 0.219493
13.7 0.217948
13.75 0.216419
13.8 0.214905
13.85 0.213407
13.9 0.211923
13.95 0.210455
14 0.209001
14.05 0.207562
14.1 0.206137
14.15 0.204726
14.2 0.203329
14.25 0.201946
14.3 0.200577
14.35 0.199221
14.4 0.197878
14.45 0.196548
14.5 0.195232
14.55 0.193928
14.6 0.192637
14.65 0.191358
14.7 0.190092
14.75 0.188838
14.8 0.187595
14.85 0.186365
14.9 0.185147
14.95 0.18394
15 0.182744
15.05 0.18156
15.1 0.180388
15.15 0.179226
15.2 0.178075
15.25 0.176935
15.3 0.175805
15.35 0.174686
15.4 0.173578
15.45 0.17248
15.5 0.171392
15.55 0.170313
15.6 0.169245
15.65 0.168187
15.7 0.167138
15.75 0.166099
15.8 0.16507
15.85 0.16405
15.9 0.163039
15.95 0.162037
16 0.161044
16.05 0.16006
16.1 0.159085
16.15 0.158119
16.2 0.157161
16.25 0.156212
16.3 0.155271
16.35 0.154339
16.4 0.153414
16.45 0.152498
16.5 0.15159
16.55 0.15069
16.6 0.149798
16.65 0.148913
16.7 0.148037
16.75 0.147167
16.8 0.146306
16.85 0.145452
16.9 0.144605
16.95 0.143765
17 0.142933
17.05 0.142107
17.1 0.141289
17.15 0.140478
17.2 0.139673
17.25 0.138875
17.3 0.138084
17.35 0.1373
17.4 0.136522
17.45 0.135751
17.5 0.134986
17.55 0.134228
17.6 0.133476
17.65 0.13273
17.7 0.13199
17.75 0.131256
17.8 0.130529
17.85 0.129807
17.9 0.129091
17.95 0.128381
