1.8 21158.5
1.85 15141.8
1.9 10922.3
1.95 7936.9
2 5807.11
2.05 4275.84
2.1 3166.8
2.15 2358.02
2.2 1764.41
2.25 1326.09
2.3 1000.6
2.35 757.627
2.4 575.372
2.45 438.045
2.5 334.146
2.55 255.242
2.6 195.12
2.65 149.173
2.7 113.97
2.75 86.9405
2.8 66.1533
2.85 50.1479
2.9 37.817
2.95 28.3169
3 21.0032
3.05 15.3812
3.1 11.0705
3.15 7.77746
3.2 5.27485
3.25 3.38642
3.3 1.97511
3.35 0.934188
3.4 0.180348
3.45 -0.351486
3.5 -0.712212
3.55 -0.941667
3.6 -1.07104
3.65 -1.12473
3.7 -1.12184
3.75 -1.07729
3.8 -1.0027
3.85 -0.907122
3.9 -0.797554
3.95 -0.679397
4 -0.556784
4.05 -0.432851
4.1 -0.309953
4.15 -0.189825
4.2 -0.073723
4.25 0.0374753
4.3 0.143185
4.35 0.243049
4.4 0.336885
4.45 0.424641
4.5 0.506369
4.55 0.582192
4.6 0.652289
4.65 0.716876
4.7 0.776195
4.75 0.830503
4.8 0.880065
4.85 0.925149
4.9 0.966021
4.95 1.00294
5 1.03616
5.05 1.06593
5.1 1.09248
5.15 1.11603
5.2 1.1368
5.25 1.15498
5.3 1.17076
5.35 1.18433
5.4 1.19584
5.45 1.20545
5.5 1.21331
5.55 1.21955
5.6 1.22431
5.65 1.2277
5.7 1.22982
5.75 1.23079
5.8 1.2307
5.85 1.22963
5.9 1.22767
5.95 1.22489
6 1.22137
6.05 1.21717
6.1 1.21235
6.15 1.20697
6.2 1.20107
6.25 1.19472
6.3 1.18795
6.35 1.1808
6.4 1.17331
6.45 1.16553
6.5 1.15747
6.55 1.14917
6.6 1.14066
6.65 1.13196
6.7 1.12311
6.75 1.11411
6.8 1.10499
6.85 1.09577
6.9 1.08646
6.95 1.07709
7 1.06766
7.05 1.05819
7.1 1.04869
7.15 1.03918
7.2 1.02966
7.25 1.02014
7.3 1.01064
7.35 1.00115
7.4 0.991691
7.45 0.982264
7.5 0.972878
7.55 0.963537
7.6 0.954245
7.65 0.945009
7.7 0.935831
7.75 0.926716
7.8 0.917666
7.85 0.908685
7.9 0.899776
7.95 0.890941
8 0.882182
8.05 0.8735
8.1 0.864898
8.15 0.856377
8.2 0.847939
8.25 0.839583
8.3 0.831311
8.35 0.823124
8.4 0.815022
8.45 0.807005
8.5 0.799075
8.55 0.791231
8.6 0.783473
8.65 0.775801
8.7 0.768215
8.75 0.760715
8.8 0.753301
8.85 0.745972
8.9 0.738729
8.95 0.731569
9 0.724494
9.05 0.717502
9.1 0.710593
9.15 0.703767
9.2 0.697022
9.25 0.690358
9.3 0.683774
9.35 0.67727
9.4 0.670845
9.45 0.664498
9.5 0.658228
9.55 0.652035
9.6 0.645917
9.65 0.639874
9.7 0.633905
9.75 0.628009
9.8 0.622185
9.85 0.616433
9.9 0.610752
9.95 0.60514
10 0.599597
10.05 0.594122
10.1 0.588715
10.15 0.583373
10.2 0.578098
10.25 0.572887
10.3 0.567739
10.35 0.562655
10.4 0.557633
10.45 0.552672
10.5 0.547772
10.55 0.542931
10.6 0.538149
10.65 0.533426
10.7 0.528759
10.75 0.52415
10.8 0.519596
10.85 0.515096
10.9 0.510652
10.95 0.50626
11 0.501921
11.05 0.497635
11.1 0.493399
11.15 0.489214
11.2 0.485079
11.25 0.480993
11.3 0.476956
11.35 0.472966
11.4 0.469024
11.45 0.465128
11.5 0.461277
11.55 0.457472
11.6 0.453712
11.65 0.449995
11.7 0.446321
11.75 0.44269
11.8 0.439102
11.85 0.435554
11.9 0.432048
11.95 0.428582
12 0.425155
12.05 0.421768
12.1 0.418419
12.15 0.415109
12.2 0.411836
12.25 0.4086
12.3 0.405401
12.35 0.402237
12.4 0.399109
12.45 0.396016
12.5 0.392958
12.55 0.389934
12.6 0.386943
12.65 0.383985
12.7 0.38106
12.75 0.378167
12.8 0.375306
12.85 0.372477
12.9 0.369678
12.95 0.366909
13 0.364171
13.05 0.361462
13.1 0.358783
13.15 0.356132
13.2 0.35351
13.25 0.350915
13.3 0.348349
13.35 0.34581
13.4 0.343297
13.45 0.340812
13.5 0.338352
13.55 0.335918
13.6 0.33351
13.65 0.331127
13.7 0.328769
13.75 0.326435
13.8 0.324126
13.85 0.32184
13.9 0.319578
13.95 0.317339
14 0.315123
14.05 0.31293
14.1 0.310759
14.15 0.30861
14.2 0.306483
14.25 0.304377
14.3 0.302293
14.35 0.300229
14.4 0.298186
14.45 0.296164
14.5 0.294161
14.55 0.292179
14.6 0.290216
14.65 0.288272
14.7 0.286348
14.75 0.284442
14.8 0.282555
14.85 0.280687
14.9 0.278836
14.95 0.277004
15 0.275189
15.05 0.273392
15.1 0.271612
15.15 0.269849
15.2 0.268103
15.25 0.266373
15.3 0.26466
15.35 0.262963
15.4 0.261282
15.45 0.259617
15.5 0.257968
15.55 0.256334
15.6 0.254715
15.65 0.253112
15.7 0.251523
15.75 0.249949
15.8 0.24839
15.85 0.246845
15.9 0.245314
15.95 0.243797
16 0.242294
16.05 0.240805
16.1 0.239329
16.15 0.237866
16.2 0.236417
16.25 0.234981
16.3 0.233558
16.35 0.232147
16.4 0.230749
16.45 0.229364
16.5 0.227991
16.55 0.22663
16.6 0.225281
16.65 0.223943
16.7 0.222618
16.75 0.221304
16.8 0.220002
16.85 0.218711
16.9 0.217431
16.95 0.216163
17 0.214905
17.05 0.213658
17.1 0.212422
17.15 0.211196
17.2 0.209981
17.25 0.208777
17.3 0.207582
17.35 0.206398
17.4 0.205224
17.45 0.204059
17.5 0.202905
17.55 0.20176
17.6 0.200624
17.65 0.199499
17.7 0.198382
17.75 0.197275
17.8 0.196177
17.85 0.195088
17.9 0.194008
17.95 0.192937
