1.8 21166.2
1.85 15149.1
1.9 10929.2
1.95 7943.46
2 5813.35
2.05 4281.78
2.1 3172.46
2.15 2363.42
2.2 1769.57
2.25 1331.02
2.3 1005.31
2.35 762.147
2.4 579.705
2.45 442.204
2.5 338.139
2.55 259.08
2.6 198.812
2.65 152.727
2.7 117.393
2.75 90.241
2.8 69.337
2.85 53.2209
2.9 40.7849
2.95 31.1851
3 23.7765
3.05 18.0643
3.1 13.6678
3.15 10.293
3.2 7.71235
3.25 5.7495
3.3 4.26713
3.35 3.15829
3.4 2.33952
3.45 1.74555
3.5 1.32534
3.55 1.03889
3.6 0.854889
3.65 0.748791
3.7 0.701385
3.75 0.697642
3.8 0.725829
3.85 0.776804
3.9 0.843471
3.95 0.920347
4 1.00322
4.05 1.08887
4.1 1.17488
4.15 1.25944
4.2 1.34124
4.25 1.41934
4.3 1.4931
4.35 1.56211
4.4 1.62614
4.45 1.68509
4.5 1.73896
4.55 1.78784
4.6 1.83187
4.65 1.87123
4.7 1.90612
4.75 1.93676
4.8 1.9634
4.85 1.98626
4.9 2.00559
4.95 2.02161
5 2.03456
5.05 2.04466
5.1 2.05211
5.15 2.05712
5.2 2.05988
5.25 2.06056
5.3 2.05934
5.35 2.05637
5.4 2.0518
5.45 2.04578
5.5 2.03843
5.55 2.02988
5.6 2.02023
5.65 2.00959
5.7 1.99806
5.75 1.98572
5.8 1.97267
5.85 1.95897
5.9 1.9447
5.95 1.92992
6 1.9147
6.05 1.89909
6.1 1.88314
6.15 1.86689
6.2 1.8504
6.25 1.8337
6.3 1.81682
6.35 1.79981
6.4 1.78269
6.45 1.76549
6.5 1.74824
6.55 1.73095
6.6 1.71366
6.65 1.69638
6.7 1.67913
6.75 1.66193
6.8 1.64478
6.85 1.62771
6.9 1.61072
6.95 1.59383
7 1.57705
7.05 1.56038
7.1 1.54383
7.15 1.52742
7.2 1.51114
7.25 1.49501
7.3 1.47902
7.35 1.46318
7.4 1.4475
7.45 1.43197
7.5 1.41661
7.55 1.40141
7.6 1.38638
7.65 1.37151
7.7 1.35681
7.75 1.34228
7.8 1.32792
7.85 1.31373
7.9 1.29971
7.95 1.28586
8 1.27218
8.05 1.25867
8.1 1.24533
8.15 1.23215
8.2 1.21915
8.25 1.2063
8.3 1.19363
8.35 1.18111
8.4 1.16876
8.45 1.15657
8.5 1.14454
8.55 1.13267
8.6 1.12095
8.65 1.10939
8.7 1.09798
8.75 1.08672
8.8 1.07562
8.85 1.06465
8.9 1.05384
8.95 1.04317
9 1.03264
9.05 1.02225
9.1 1.01201
9.15 1.00189
9.2 0.991918
9.25 0.982075
9.3 0.972363
9.35 0.96278
9.4 0.953326
9.45 0.943997
9.5 0.934793
9.55 0.925711
9.6 0.91675
9.65 0.907908
9.7 0.899183
9.75 0.890573
9.8 0.882077
9.85 0.873693
9.9 0.86542
9.95 0.857255
10 0.849197
10.05 0.841245
10.1 0.833397
10.15 0.825651
10.2 0.818005
10.25 0.81046
10.3 0.803011
10.35 0.795659
10.4 0.788402
10.45 0.781238
10.5 0.774166
10.55 0.767185
10.6 0.760293
10.65 0.753488
10.7 0.74677
10.75 0.740137
10.8 0.733587
10.85 0.72712
10.9 0.720735
10.95 0.714429
11 0.708202
11.05 0.702053
11.1 0.69598
11.15 0.689983
11.2 0.684059
11.25 0.678208
11.3 0.672429
11.35 0.666721
11.4 0.661083
11.45 0.655513
11.5 0.650011
11.55 0.644575
11.6 0.639205
11.65 0.633899
11.7 0.628657
11.75 0.623478
11.8 0.61836
11.85 0.613304
11.9 0.608307
11.95 0.603368
12 0.598489
12.05 0.593666
12.1 0.5889
12.15 0.584189
12.2 0.579533
12.25 0.574931
12.3 0.570382
12.35 0.565885
12.4 0.56144
12.45 0.557046
12.5 0.552702
12.55 0.548407
12.6 0.544161
12.65 0.539963
12.7 0.535813
12.75 0.531708
12.8 0.52765
12.85 0.523637
12.9 0.519669
12.95 0.515744
13 0.511863
13.05 0.508025
13.1 0.504229
13.15 0.500474
13.2 0.49676
13.25 0.493087
13.3 0.489454
13.35 0.485859
13.4 0.482304
13.45 0.478787
13.5 0.475307
13.55 0.471864
13.6 0.468458
13.65 0.465089
13.7 0.461754
13.75 0.458455
13.8 0.455191
13.85 0.451961
13.9 0.448764
13.95 0.445601
14 0.44247
14.05 0.439372
14.1 0.436306
14.15 0.433272
14.2 0.430268
14.25 0.427295
14.3 0.424353
14.35 0.42144
14.4 0.418557
14.45 0.415703
14.5 0.412877
14.55 0.41008
14.6 0.407311
14.65 0.40457
14.7 0.401855
14.75 0.399168
14.8 0.396507
14.85 0.393872
14.9 0.391264
14.95 0.38868
15 0.386122
15.05 0.383589
15.1 0.38108
15.15 0.378596
15.2 0.376136
15.25 0.373699
15.3 0.371286
15.35 0.368895
15.4 0.366528
15.45 0.364183
15.5 0.36186
15.55 0.359559
15.6 0.35728
15.65 0.355022
15.7 0.352785
15.75 0.350569
15.8 0.348374
15.85 0.346199
15.9 0.344044
15.95 0.341909
16 0.339794
16.05 0.337698
16.1 0.335622
16.15 0.333564
16.2 0.331525
16.25 0.329504
16.3 0.327502
16.35 0.325518
16.4 0.323551
16.45 0.321602
16.5 0.319671
16.55 0.317757
16.6 0.31586
16.65 0.313979
16.7 0.312116
16.75 0.310268
16.8 0.308437
16.85 0.306622
16.9 0.304823
16.95 0.30304
17 0.301272
17.05 0.299519
17.1 0.297782
17.15 0.296059
17.2 0.294351
17.25 0.292658
17.3 0.29098
17.35 0.289315
17.4 0.287665
17.45 0.286029
17.5 0.284407
17.55 0.282798
17.6 0.281203
17.65 0.279621
17.7 0.278053
17.75 0.276497
17.8 0.274955
17.85 0.273425
17.9 0.271908
17.95 0.270404
