1.8 21175.2
1.85 15157.6
1.9 10937.3
1.95 7951.12
2 5820.63
2.05 4288.71
2.1 3179.06
2.15 2369.72
2.2 1775.58
2.25 1336.77
2.3 1010.82
2.35 767.42
2.4 584.761
2.45 447.055
2.5 342.798
2.55 263.559
2.6 203.12
2.65 156.874
2.7 121.388
2.75 94.0916
2.8 73.0513
2.85 56.806
2.9 44.2474
2.95 34.5313
3 27.0121
3.05 21.1947
3.1 16.698
3.15 13.2277
3.2 10.5561
3.25 8.50642
3.3 6.94114
3.35 5.75308
3.4 4.85855
3.45 4.1921
3.5 3.70248
3.55 3.34954
3.6 3.1018
3.65 2.93457
3.7 2.82849
3.75 2.7684
3.8 2.74245
3.85 2.74138
3.9 2.758
3.95 2.78671
4 2.82322
4.05 2.86421
4.1 2.90718
4.15 2.95025
4.2 2.99204
4.25 3.03152
4.3 3.06801
4.35 3.10102
4.4 3.13027
4.45 3.15561
4.5 3.17699
4.55 3.19444
4.6 3.20805
4.65 3.21797
4.7 3.22436
4.75 3.2274
4.8 3.22729
4.85 3.22422
4.9 3.21842
4.95 3.21006
5 3.19936
5.05 3.18651
5.1 3.17168
5.15 3.15506
5.2 3.1368
5.25 3.11707
5.3 3.096
5.35 3.07375
5.4 3.05043
5.45 3.02617
5.5 3.00108
5.55 2.97526
5.6 2.9488
5.65 2.9218
5.7 2.89433
5.75 2.86648
5.8 2.8383
5.85 2.80987
5.9 2.78124
5.95 2.75247
6 2.72359
6.05 2.69466
6.1 2.66572
6.15 2.6368
6.2 2.60794
6.25 2.57917
6.3 2.55051
6.35 2.52199
6.4 2.49363
6.45 2.46545
6.5 2.43747
6.55 2.4097
6.6 2.38217
6.65 2.35487
6.7 2.32783
6.75 2.30105
6.8 2.27454
6.85 2.24831
6.9 2.22236
6.95 2.1967
7 2.17133
7.05 2.14627
7.1 2.1215
7.15 2.09703
7.2 2.07287
7.25 2.04901
7.3 2.02546
7.35 2.00221
7.4 1.97927
7.45 1.95664
7.5 1.9343
7.55 1.91227
7.6 1.89053
7.65 1.8691
7.7 1.84796
7.75 1.82711
7.8 1.80655
7.85 1.78629
7.9 1.7663
7.95 1.7466
8 1.72718
8.05 1.70804
8.1 1.68916
8.15 1.67056
8.2 1.65222
8.25 1.63415
8.3 1.61633
8.35 1.59877
8.4 1.58146
8.45 1.5644
8.5 1.54759
8.55 1.53101
8.6 1.51468
8.65 1.49858
8.7 1.48271
8.75 1.46707
8.8 1.45165
8.85 1.43645
8.9 1.42147
8.95 1.4067
9 1.39215
9.05 1.3778
9.1 1.36365
9.15 1.34971
9.2 1.33596
9.25 1.32241
9.3 1.30905
9.35 1.29588
9.4 1.28289
9.45 1.27008
9.5 1.25745
9.55 1.245
9.6 1.23272
9.65 1.22061
9.7 1.20867
9.75 1.1969
9.8 1.18528
9.85 1.17383
9.9 1.16253
9.95 1.15139
10 1.1404
10.05 1.12955
10.1 1.11886
10.15 1.10831
10.2 1.0979
10.25 1.08763
10.3 1.0775
10.35 1.0675
10.4 1.05763
10.45 1.0479
10.5 1.03829
10.55 1.02881
10.6 1.01946
10.65 1.01023
10.7 1.00112
10.75 0.992122
10.8 0.983244
10.85 0.974482
10.9 0.965832
10.95 0.957293
11 0.948864
11.05 0.940541
11.1 0.932325
11.15 0.924212
11.2 0.916202
11.25 0.908292
11.3 0.900482
11.35 0.892769
11.4 0.885152
11.45 0.877629
11.5 0.8702
11.55 0.862862
11.6 0.855614
11.65 0.848455
11.7 0.841383
11.75 0.834397
11.8 0.827496
11.85 0.820678
11.9 0.813942
11.95 0.807286
12 0.800711
12.05 0.794213
12.1 0.787793
12.15 0.781449
12.2 0.775179
12.25 0.768983
12.3 0.76286
12.35 0.756808
12.4 0.750826
12.45 0.744914
12.5 0.73907
12.55 0.733293
12.6 0.727583
12.65 0.721938
12.7 0.716357
12.75 0.710839
12.8 0.705384
12.85 0.699991
12.9 0.694658
12.95 0.689385
13 0.684171
13.05 0.679015
13.1 0.673916
13.15 0.668873
13.2 0.663886
13.25 0.658954
13.3 0.654076
13.35 0.649251
13.4 0.644478
13.45 0.639757
13.5 0.635087
13.55 0.630468
13.6 0.625898
13.65 0.621377
13.7 0.616904
13.75 0.612478
13.8 0.6081
13.85 0.603768
13.9 0.599481
13.95 0.595239
14 0.591042
14.05 0.586888
14.1 0.582778
14.15 0.57871
14.2 0.574684
14.25 0.570699
14.3 0.566756
14.35 0.562852
14.4 0.558989
14.45 0.555165
14.5 0.551379
14.55 0.547632
14.6 0.543922
14.65 0.54025
14.7 0.536614
14.75 0.533014
14.8 0.529451
14.85 0.525922
14.9 0.522429
14.95 0.51897
15 0.515544
15.05 0.512153
15.1 0.508794
15.15 0.505468
15.2 0.502175
15.25 0.498913
15.3 0.495682
15.35 0.492483
15.4 0.489314
15.45 0.486176
15.5 0.483067
15.55 0.479988
15.6 0.476938
15.65 0.473916
15.7 0.470924
15.75 0.467959
15.8 0.465022
15.85 0.462112
15.9 0.45923
15.95 0.456374
16 0.453544
16.05 0.450741
16.1 0.447963
16.15 0.445211
16.2 0.442483
16.25 0.439781
16.3 0.437103
16.35 0.43445
16.4 0.43182
16.45 0.429214
16.5 0.426632
16.55 0.424072
16.6 0.421535
16.65 0.419021
16.7 0.41653
16.75 0.41406
16.8 0.411612
16.85 0.409186
16.9 0.40678
16.95 0.404396
17 0.402033
17.05 0.39969
17.1 0.397368
17.15 0.395065
17.2 0.392783
17.25 0.39052
17.3 0.388277
17.35 0.386052
17.4 0.383847
17.45 0.38166
17.5 0.379492
17.55 0.377343
17.6 0.375211
17.65 0.373098
17.7 0.371002
17.75 0.368923
17.8 0.366862
17.85 0.364819
17.9 0.362792
17.95 0.360781
