1.8 21185.5
1.85 15167.4
1.9 10946.5
1.95 7959.87
2 5828.95
2.05 4296.63
2.1 3186.61
2.15 2376.92
2.2 1782.46
2.25 1343.34
2.3 1017.11
2.35 773.446
2.4 590.539
2.45 452.599
2.5 348.123
2.55 268.677
2.6 208.043
2.65 161.613
2.7 125.953
2.75 98.4923
2.8 77.2962
2.85 60.9032
2.9 48.2046
2.95 38.3554
3 30.7098
3.05 24.7722
3.1 20.161
3.15 16.5817
3.2 13.8061
3.25 11.6572
3.3 9.99715
3.35 8.71855
3.4 7.73744
3.45 6.98815
3.5 6.41922
3.55 5.99029
3.6 5.6697
3.65 5.4326
3.7 5.25946
3.75 5.13498
3.8 5.04716
3.85 4.98662
3.9 4.94604
3.95 4.91971
4 4.90322
4.05 4.89317
4.1 4.88695
4.15 4.88261
4.2 4.87866
4.25 4.87402
4.3 4.8679
4.35 4.85978
4.4 4.84928
4.45 4.83621
4.5 4.82044
4.55 4.80197
4.6 4.78083
4.65 4.75711
4.7 4.73093
4.75 4.70241
4.8 4.67173
4.85 4.63904
4.9 4.60451
4.95 4.56829
5 4.53056
5.05 4.49148
5.1 4.45119
5.15 4.40984
5.2 4.36757
5.25 4.3245
5.3 4.28077
5.35 4.23647
5.4 4.19172
5.45 4.14662
5.5 4.10124
5.55 4.05569
5.6 4.01002
5.65 3.96432
5.7 3.91865
5.75 3.87306
5.8 3.8276
5.85 3.78233
5.9 3.73729
5.95 3.69251
6 3.64804
6.05 3.60389
6.1 3.5601
6.15 3.5167
6.2 3.47371
6.25 3.43114
6.3 3.38901
6.35 3.34733
6.4 3.30613
6.45 3.2654
6.5 3.22516
6.55 3.18542
6.6 3.14617
6.65 3.10743
6.7 3.0692
6.75 3.03147
6.8 2.99426
6.85 2.95756
6.9 2.92137
6.95 2.88569
7 2.85052
7.05 2.81585
7.1 2.78168
7.15 2.74802
7.2 2.71485
7.25 2.68216
7.3 2.64997
7.35 2.61825
7.4 2.58702
7.45 2.55625
7.5 2.52594
7.55 2.4961
7.6 2.46671
7.65 2.43777
7.7 2.40927
7.75 2.3812
7.8 2.35356
7.85 2.32635
7.9 2.29955
7.95 2.27316
8 2.24718
8.05 2.2216
8.1 2.1964
8.15 2.17159
8.2 2.14717
8.25 2.12311
8.3 2.09942
8.35 2.07609
8.4 2.05312
8.45 2.03049
8.5 2.00821
8.55 1.98627
8.6 1.96465
8.65 1.94336
8.7 1.9224
8.75 1.90174
8.8 1.8814
8.85 1.86136
8.9 1.84162
8.95 1.82217
9 1.80301
9.05 1.78414
9.1 1.76554
9.15 1.74721
9.2 1.72916
9.25 1.71137
9.3 1.69383
9.35 1.67656
9.4 1.65953
9.45 1.64275
9.5 1.62621
9.55 1.6099
9.6 1.59383
9.65 1.57799
9.7 1.56238
9.75 1.54698
9.8 1.53181
9.85 1.51684
9.9 1.50209
9.95 1.48754
10 1.4732
10.05 1.45905
10.1 1.4451
10.15 1.43134
10.2 1.41777
10.25 1.40439
10.3 1.39119
10.35 1.37817
10.4 1.36533
10.45 1.35265
10.5 1.34015
10.55 1.32782
10.6 1.31565
10.65 1.30364
10.7 1.2918
10.75 1.2801
10.8 1.26857
10.85 1.25718
10.9 1.24594
10.95 1.23485
11 1.2239
11.05 1.2131
11.1 1.20243
11.15 1.1919
11.2 1.18151
11.25 1.17125
11.3 1.16111
11.35 1.15111
11.4 1.14123
11.45 1.13148
11.5 1.12184
11.55 1.11233
11.6 1.10294
11.65 1.09366
11.7 1.0845
11.75 1.07545
11.8 1.06651
11.85 1.05768
11.9 1.04895
11.95 1.04034
12 1.03182
12.05 1.02341
12.1 1.0151
12.15 1.00689
12.2 0.998775
12.25 0.990757
12.3 0.982835
12.35 0.975005
12.4 0.967267
12.45 0.95962
12.5 0.952062
12.55 0.944592
12.6 0.937207
12.65 0.929909
12.7 0.922693
12.75 0.915561
12.8 0.908509
12.85 0.901538
12.9 0.894646
12.95 0.887832
13 0.881094
13.05 0.874432
13.1 0.867844
13.15 0.861329
13.2 0.854887
13.25 0.848516
13.3 0.842215
13.35 0.835984
13.4 0.82982
13.45 0.823724
13.5 0.817694
13.55 0.811729
13.6 0.805829
13.65 0.799992
13.7 0.794217
13.75 0.788505
13.8 0.782853
13.85 0.777261
13.9 0.771729
13.95 0.766254
14 0.760838
14.05 0.755478
14.1 0.750174
14.15 0.744925
14.2 0.739731
14.25 0.73459
14.3 0.729502
14.35 0.724467
14.4 0.719483
14.45 0.71455
14.5 0.709667
14.55 0.704833
14.6 0.700049
14.65 0.695313
14.7 0.690624
14.75 0.685982
14.8 0.681387
14.85 0.676837
14.9 0.672332
14.95 0.667872
15 0.663456
15.05 0.659083
15.1 0.654753
15.15 0.650465
15.2 0.646219
15.25 0.642014
15.3 0.63785
15.35 0.633726
15.4 0.629641
15.45 0.625596
15.5 0.621589
15.55 0.617621
15.6 0.61369
15.65 0.609796
15.7 0.605939
15.75 0.602119
15.8 0.598334
15.85 0.594584
15.9 0.59087
15.95 0.58719
16 0.583544
16.05 0.579932
16.1 0.576353
16.15 0.572807
16.2 0.569293
16.25 0.565812
16.3 0.562362
16.35 0.558944
16.4 0.555556
16.45 0.552199
16.5 0.548872
16.55 0.545575
16.6 0.542308
16.65 0.539069
16.7 0.53586
16.75 0.532679
16.8 0.529526
16.85 0.526401
16.9 0.523303
16.95 0.520232
17 0.517189
17.05 0.514172
17.1 0.511181
17.15 0.508216
17.2 0.505276
17.25 0.502362
17.3 0.499473
17.35 0.496609
17.4 0.493769
17.45 0.490953
17.5 0.488162
17.55 0.485394
17.6 0.482649
17.65 0.479928
17.7 0.477229
17.75 0.474553
17.8 0.4719
17.85 0.469268
17.9 0.466659
17.95 0.464071
