1.8 21197.1
1.85 15178.3
1.9 10956.9
1.95 7969.72
2 5838.31
2.05 4305.54
2.1 3195.1
2.15 2385.02
2.2 1790.2
2.25 1350.74
2.3 1024.19
2.35 780.225
2.4 597.039
2.45 458.837
2.5 354.114
2.55 274.434
2.6 213.581
2.65 166.944
2.7 131.089
2.75 103.443
2.8 82.0717
2.85 65.5127
2.9 52.6564
2.95 42.6577
3 34.8698
3.05 28.7969
3.1 24.057
3.15 20.3549
3.2 17.4624
3.25 15.2018
3.3 13.4352
3.35 12.0547
3.4 10.9762
3.45 10.1337
3.5 9.47554
3.55 8.96113
3.6 8.55859
3.65 8.24288
3.7 7.9943
3.75 7.79738
3.8 7.63996
3.85 7.51251
3.9 7.40757
3.95 7.31932
4 7.24322
4.05 7.17574
4.1 7.1142
4.15 7.05651
4.2 7.00111
4.25 6.94682
4.3 6.89278
4.35 6.83837
4.4 6.78317
4.45 6.72688
4.5 6.66933
4.55 6.61045
4.6 6.55021
4.65 6.48864
4.7 6.42581
4.75 6.36181
4.8 6.29673
4.85 6.23071
4.9 6.16386
4.95 6.0963
5 6.02816
5.05 5.95957
5.1 5.89064
5.15 5.82147
5.2 5.75218
5.25 5.68287
5.3 5.61363
5.35 5.54453
5.4 5.47567
5.45 5.40712
5.5 5.33893
5.55 5.27117
5.6 5.2039
5.65 5.13716
5.7 5.071
5.75 5.00546
5.8 4.94056
5.85 4.87635
5.9 4.81284
5.95 4.75006
6 4.68804
6.05 4.62677
6.1 4.56629
6.15 4.50659
6.2 4.44769
6.25 4.3896
6.3 4.33232
6.35 4.27585
6.4 4.22019
6.45 4.16535
6.5 4.11131
6.55 4.05809
6.6 4.00567
6.65 3.95406
6.7 3.90323
6.75 3.8532
6.8 3.80395
6.85 3.75547
6.9 3.70776
6.95 3.66081
7 3.6146
7.05 3.56913
7.1 3.52439
7.15 3.48038
7.2 3.43707
7.25 3.39446
7.3 3.35254
7.35 3.3113
7.4 3.27073
7.45 3.23081
7.5 3.19154
7.55 3.15291
7.6 3.11491
7.65 3.07752
7.7 3.04074
7.75 3.00455
7.8 2.96895
7.85 2.93392
7.9 2.89946
7.95 2.86555
8 2.83218
8.05 2.79935
8.1 2.76705
8.15 2.73526
8.2 2.70398
8.25 2.67319
8.3 2.64289
8.35 2.61308
8.4 2.58373
8.45 2.55484
8.5 2.52641
8.55 2.49842
8.6 2.47087
8.65 2.44375
8.7 2.41705
8.75 2.39076
8.8 2.36487
8.85 2.33938
8.9 2.31429
8.95 2.28957
9 2.26523
9.05 2.24127
9.1 2.21766
9.15 2.19441
9.2 2.1715
9.25 2.14894
9.3 2.12672
9.35 2.10482
9.4 2.08325
9.45 2.062
9.5 2.04105
9.55 2.02042
9.6 2.00008
9.65 1.98004
9.7 1.96029
9.75 1.94083
9.8 1.92164
9.85 1.90273
9.9 1.88409
9.95 1.86571
10 1.8476
10.05 1.82974
10.1 1.81212
10.15 1.79476
10.2 1.77764
10.25 1.76075
10.3 1.7441
10.35 1.72768
10.4 1.71148
10.45 1.6955
10.5 1.67974
10.55 1.6642
10.6 1.64886
10.65 1.63374
10.7 1.61881
10.75 1.60408
10.8 1.58955
10.85 1.57522
10.9 1.56107
10.95 1.54711
11 1.53333
11.05 1.51973
11.1 1.5063
11.15 1.49306
11.2 1.47998
11.25 1.46707
11.3 1.45432
11.35 1.44174
11.4 1.42932
11.45 1.41705
11.5 1.40494
11.55 1.39299
11.6 1.38118
11.65 1.36952
11.7 1.358
11.75 1.34663
11.8 1.3354
11.85 1.3243
11.9 1.31334
11.95 1.30252
12 1.29182
12.05 1.28126
12.1 1.27082
12.15 1.26051
12.2 1.25032
12.25 1.24025
12.3 1.23031
12.35 1.22048
12.4 1.21076
12.45 1.20116
12.5 1.19168
12.55 1.1823
12.6 1.17304
12.65 1.16388
12.7 1.15482
12.75 1.14587
12.8 1.13703
12.85 1.12828
12.9 1.11963
12.95 1.11108
13 1.10263
13.05 1.09428
13.1 1.08601
13.15 1.07784
13.2 1.06976
13.25 1.06177
13.3 1.05387
13.35 1.04606
13.4 1.03833
13.45 1.03069
13.5 1.02313
13.55 1.01565
13.6 1.00825
13.65 1.00093
13.7 0.993695
13.75 0.986535
13.8 0.97945
13.85 0.972442
13.9 0.965508
13.95 0.958647
14 0.951858
14.05 0.945141
14.1 0.938494
14.15 0.931917
14.2 0.925408
14.25 0.918967
14.3 0.912592
14.35 0.906283
14.4 0.900038
14.45 0.893858
14.5 0.887741
14.55 0.881685
14.6 0.875692
14.65 0.869758
14.7 0.863885
14.75 0.858071
14.8 0.852314
14.85 0.846615
14.9 0.840973
14.95 0.835387
15 0.829856
15.05 0.824379
15.1 0.818956
15.15 0.813586
15.2 0.808269
15.25 0.803003
15.3 0.797788
15.35 0.792624
15.4 0.787509
15.45 0.782444
15.5 0.777427
15.55 0.772458
15.6 0.767536
15.65 0.762661
15.7 0.757832
15.75 0.753048
15.8 0.74831
15.85 0.743616
15.9 0.738965
15.95 0.734358
16 0.729794
16.05 0.725272
16.1 0.720792
16.15 0.716353
16.2 0.711955
16.25 0.707596
16.3 0.703278
16.35 0.698999
16.4 0.694759
16.45 0.690557
16.5 0.686393
16.55 0.682266
16.6 0.678176
16.65 0.674123
16.7 0.670106
16.75 0.666125
16.8 0.662179
16.85 0.658268
16.9 0.654391
16.95 0.650548
17 0.646739
17.05 0.642963
17.1 0.63922
17.15 0.635509
17.2 0.631831
17.25 0.628184
17.3 0.624569
17.35 0.620985
17.4 0.617431
17.45 0.613908
17.5 0.610415
17.55 0.606951
17.6 0.603517
17.65 0.600112
17.7 0.596735
17.75 0.593387
17.8 0.590066
17.85 0.586774
17.9 0.583509
17.95 0.580271
