0 0 0
0.01 0.01 0.01
0.02 0.019997 0.019997
0.03 0.029988 0.029988
0.04 0.03997 0.03997
0.05 0.04994 0.04994
0.06 0.0598951 0.0598951
0.07 0.0698322 0.0698322
0.08 0.0797484 0.0797484
0.09 0.0896407 0.0896407
0.1 0.0995062 0.0995062
0.11 0.109342 0.109342
0.12 0.119145 0.119145
0.13 0.128913 0.128913
0.14 0.138642 0.138642
0.15 0.148329 0.148329
0.16 0.157973 0.157973
0.17 0.16757 0.16757
0.18 0.177116 0.177116
0.19 0.186611 0.186611
0.2 0.19605 0.19605
0.21 0.20543 0.20543
0.22 0.214751 0.214751
0.23 0.224007 0.224007
0.24 0.233198 0.233198
0.25 0.24232 0.24232
0.26 0.251371 0.251371
0.27 0.260349 0.260349
0.28 0.26925 0.26925
0.29 0.278072 0.278072
0.3 0.286814 0.286814
0.31 0.295471 0.295471
0.32 0.304044 0.304044
0.33 0.312528 0.312528
0.34 0.320921 0.320921
0.35 0.329222 0.329222
0.36 0.337429 0.337429
0.37 0.345538 0.345538
0.38 0.353549 0.353549
0.39 0.361458 0.361458
0.4 0.369265 0.369265
0.41 0.376967 0.376967
0.42 0.384562 0.384562
0.43 0.392048 0.392048
0.44 0.399424 0.399424
0.45 0.406689 0.406689
0.46 0.413839 0.413839
0.47 0.420874 0.420874
0.48 0.427792 0.427792
0.49 0.434591 0.434591
0.5 0.441271 0.441271
0.51 0.447829 0.447829
0.52 0.454264 0.454264
0.53 0.460576 0.460576
0.54 0.466762 0.466762
0.55 0.472822 0.472822
0.56 0.478754 0.478754
0.57 0.484558 0.484558
0.58 0.490232 0.490232
0.59 0.495775 0.495775
0.6 0.501187 0.501187
0.61 0.506467 0.506467
0.62 0.511614 0.511614
0.63 0.516626 0.516626
0.64 0.521505 0.521505
0.65 0.526248 0.526248
0.66 0.530855 0.530855
0.67 0.535327 0.535327
0.68 0.539662 0.539662
0.69 0.54386 0.54386
0.7 0.547921 0.547921
0.71 0.551844 0.551844
0.72 0.555629 0.555629
0.73 0.559277 0.559277
0.74 0.562786 0.562786
0.75 0.566158 0.566158
0.76 0.569392 0.569392
0.77 0.572487 0.572487
0.78 0.575445 0.575445
0.79 0.578265 0.578265
0.8 0.580948 0.580948
0.81 0.583494 0.583494
0.82 0.585903 0.585903
0.83 0.588176 0.588176
0.84 0.590312 0.590312
0.85 0.592314 0.592314
0.86 0.59418 0.59418
0.87 0.595912 0.595912
0.88 0.597511 0.597511
0.89 0.598976 0.598976
0.9 0.600309 0.600309
0.91 0.601511 0.601511
0.92 0.602582 0.602582
0.93 0.603523 0.603523
0.94 0.604336 0.604336
0.95 0.60502 0.60502
0.96 0.605578 0.605578
0.97 0.60601 0.60601
0.98 0.606317 0.606317
0.99 0.6065 0.6065
1 0.606561 0.606561
1.01 0.606501 0.606501
1.02 0.60632 0.60632
1.03 0.606021 0.606021
1.04 0.605604 0.605604
1.05 0.605071 0.605071
1.06 0.604423 0.604423
1.07 0.603662 0.603662
1.08 0.602788 0.602788
1.09 0.601805 0.601805
1.1 0.600712 0.600712
1.11 0.599512 0.599512
1.12 0.598205 0.598205
1.13 0.596795 0.596795
1.14 0.595281 0.595281
1.15 0.593666 0.593666
1.16 0.591952 0.591952
1.17 0.59014 0.59014
1.18 0.588231 0.588231
1.19 0.586228 0.586228
1.2 0.584132 0.584132
1.21 0.581945 0.581945
1.22 0.579668 0.579668
1.23 0.577304 0.577304
1.24 0.574854 0.574854
1.25 0.57232 0.57232
1.26 0.569704 0.569704
1.27 0.567007 0.567007
1.28 0.564232 0.564232
1.29 0.56138 0.56138
1.3 0.558452 0.558452
1.31 0.555452 0.555452
1.32 0.55238 0.55238
1.33 0.549239 0.549239
1.34 0.546031 0.546031
1.35 0.542756 0.542756
1.36 0.539418 0.539418
1.37 0.536017 0.536017
1.38 0.532556 0.532556
1.39 0.529037 0.529037
1.4 0.525462 0.525462
1.41 0.521832 0.521832
1.42 0.518149 0.518149
1.43 0.514415 0.514415
1.44 0.510632 0.510632
1.45 0.506801 0.506801
1.46 0.502925 0.502925
1.47 0.499006 0.499006
1.48 0.495044 0.495044
1.49 0.491043 0.491043
1.5 0.487003 0.487003
1.51 0.482927 0.482927
1.52 0.478816 0.478816
1.53 0.474672 0.474672
1.54 0.470496 0.470496
1.55 0.466291 0.466291
1.56 0.462058 0.462058
1.57 0.457799 0.457799
1.58 0.453516 0.453516
1.59 0.449209 0.449209
1.6 0.444882 0.444882
1.61 0.440535 0.440535
1.62 0.43617 0.43617
1.63 0.431788 0.431788
1.64 0.427392 0.427392
1.65 0.422982 0.422982
1.66 0.418561 0.418561
1.67 0.41413 0.41413
1.68 0.409689 0.409689
1.69 0.405242 0.405242
1.7 0.400788 0.400788
1.71 0.396331 0.396331
1.72 0.39187 0.39187
1.73 0.387407 0.387407
1.74 0.382945 0.382945
1.75 0.378483 0.378483
1.76 0.374024 0.374024
1.77 0.369568 0.369568
1.78 0.365117 0.365117
1.79 0.360673 0.360673
1.8 0.356235 0.356235
1.81 0.351807 0.351807
1.82 0.347388 0.347388
1.83 0.34298 0.34298
1.84 0.338584 0.338584
1.85 0.3342 0.3342
1.86 0.329831 0.329831
1.87 0.325478 0.325478
1.88 0.32114 0.32114
1.89 0.316819 0.316819
1.9 0.312517 0.312517
1.91 0.308234 0.308234
1.92 0.30397 0.30397
1.93 0.299728 0.299728
1.94 0.295507 0.295507
1.95 0.291309 0.291309
1.96 0.287134 0.287134
1.97 0.282984 0.282984
1.98 0.278858 0.278858
1.99 0.274758 0.274758
2 0.270684 0.270684
2.01 0.266637 0.266637
2.02 0.262619 0.262619
2.03 0.258628 0.258628
2.04 0.254667 0.254667
2.05 0.250735 0.250735
2.06 0.246833 0.246833
2.07 0.242962 0.242962
2.08 0.239122 0.239122
2.09 0.235314 0.235314
2.1 0.231538 0.231538
2.11 0.227794 0.227794
2.12 0.224084 0.224084
2.13 0.220407 0.220407
2.14 0.216764 0.216764
2.15 0.213156 0.213156
2.16 0.209582 0.209582
2.17 0.206042 0.206042
2.18 0.202539 0.202539
2.19 0.19907 0.19907
2.2 0.195637 0.195637
2.21 0.192241 0.192241
2.22 0.18888 0.18888
2.23 0.185556 0.185556
2.24 0.182269 0.182269
2.25 0.179018 0.179018
2.26 0.175804 0.175804
2.27 0.172627 0.172627
2.28 0.169488 0.169488
2.29 0.166385 0.166385
2.3 0.16332 0.16332
2.31 0.160293 0.160293
2.32 0.157303 0.157303
2.33 0.15435 0.15435
2.34 0.151435 0.151435
2.35 0.148557 0.148557
2.36 0.145717 0.145717
2.37 0.142914 0.142914
2.38 0.140149 0.140149
2.39 0.137421 0.137421
2.4 0.13473 0.13473
2.41 0.132077 0.132077
2.42 0.12946 0.12946
2.43 0.126881 0.126881
2.44 0.124338 0.124338
2.45 0.121832 0.121832
2.46 0.119363 0.119363
2.47 0.11693 0.11693
2.48 0.114533 0.114533
2.49 0.112173 0.112173
2.5 0.109848 0.109848
2.51 0.107559 0.107559
2.52 0.105305 0.105305
2.53 0.103087 0.103087
2.54 0.100904 0.100904
2.55 0.0987557 0.0987557
2.56 0.0966419 0.0966419
2.57 0.0945625 0.0945625
2.58 0.0925172 0.0925172
2.59 0.0905057 0.0905057
2.6 0.0885278 0.0885278
2.61 0.0865832 0.0865832
2.62 0.0846715 0.0846715
2.63 0.0827926 0.0827926
2.64 0.0809462 0.0809462
2.65 0.0791318 0.0791318
2.66 0.0773493 0.0773493
2.67 0.0755983 0.0755983
2.68 0.0738785 0.0738785
2.69 0.0721896 0.0721896
2.7 0.0705313 0.0705313
2.71 0.0689033 0.0689033
2.72 0.0673052 0.0673052
2.73 0.0657367 0.0657367
2.74 0.0641974 0.0641974
2.75 0.0626871 0.0626871
2.76 0.0612054 0.0612054
2.77 0.059752 0.059752
2.78 0.0583265 0.0583265
2.79 0.0569285 0.0569285
2.8 0.0555578 0.0555578
2.81 0.054214 0.054214
2.82 0.0528968 0.0528968
2.83 0.0516057 0.0516057
2.84 0.0503405 0.0503405
2.85 0.0491007 0.0491007
2.86 0.0478862 0.0478862
2.87 0.0466964 0.0466964
2.88 0.0455311 0.0455311
2.89 0.0443899 0.0443899
2.9 0.0432724 0.0432724
2.91 0.0421784 0.0421784
2.92 0.0411074 0.0411074
2.93 0.0400592 0.0400592
2.94 0.0390333 0.0390333
2.95 0.0380294 0.0380294
2.96 0.0370473 0.0370473
2.97 0.0360864 0.0360864
2.98 0.0351466 0.0351466
2.99 0.0342275 0.0342275
3 0.0333287 0.0333287
3.01 0.0324498 0.0324498
3.02 0.0315907 0.0315907
3.03 0.0307509 0.0307509
3.04 0.02993 0.02993
3.05 0.0291279 0.0291279
3.06 0.0283441 0.0283441
3.07 0.0275784 0.0275784
3.08 0.0268304 0.0268304
3.09 0.0260998 0.0260998
3.1 0.0253862 0.0253862
3.11 0.0246895 0.0246895
3.12 0.0240092 0.0240092
3.13 0.0233451 0.0233451
3.14 0.0226969 0.0226969
3.15 0.0220642 0.0220642
3.16 0.0214468 0.0214468
3.17 0.0208444 0.0208444
3.18 0.0202567 0.0202567
3.19 0.0196834 0.0196834
3.2 0.0191242 0.0191242
3.21 0.0185789 0.0185789
3.22 0.0180471 0.0180471
3.23 0.0175287 0.0175287
3.24 0.0170232 0.0170232
3.25 0.0165305 0.0165306
3.26 0.0160504 0.0160504
3.27 0.0155824 0.0155824
3.28 0.0151265 0.0151265
3.29 0.0146823 0.0146823
3.3 0.0142496 0.0142496
3.31 0.0138281 0.0138281
3.32 0.0134176 0.0134176
3.33 0.0130179 0.0130179
3.34 0.0126287 0.0126288
3.35 0.0122499 0.0122499
3.36 0.0118811 0.0118811
3.37 0.0115221 0.0115221
3.38 0.0111728 0.0111728
3.39 0.0108329 0.0108329
3.4 0.0105022 0.0105022
3.41 0.0101804 0.0101804
3.42 0.00986749 0.00986749
3.43 0.00956313 0.00956313
3.44 0.00926715 0.00926716
3.45 0.00897936 0.00897937
3.46 0.00869957 0.00869957
3.47 0.00842758 0.00842758
3.48 0.00816321 0.00816321
3.49 0.00790627 0.00790628
3.5 0.0076566 0.0076566
3.51 0.007414 0.00741401
3.52 0.00717832 0.00717833
3.53 0.00694938 0.00694938
3.54 0.00672701 0.00672702
3.55 0.00651106 0.00651106
3.56 0.00630136 0.00630136
3.57 0.00609775 0.00609776
3.58 0.00590009 0.00590009
3.59 0.00570821 0.00570822
3.6 0.00552199 0.00552199
3.61 0.00534126 0.00534127
3.62 0.00516589 0.0051659
3.63 0.00499574 0.00499575
3.64 0.00483068 0.00483069
3.65 0.00467057 0.00467058
3.66 0.00451528 0.00451529
3.67 0.00436468 0.00436469
3.68 0.00421865 0.00421866
3.69 0.00407707 0.00407708
3.7 0.00393982 0.00393983
3.71 0.00380678 0.00380679
3.72 0.00367784 0.00367785
3.73 0.00355289 0.0035529
3.74 0.00343181 0.00343182
3.75 0.0033145 0.00331451
3.76 0.00320086 0.00320088
3.77 0.00309079 0.0030908
3.78 0.00298418 0.00298419
3.79 0.00288094 0.00288095
3.8 0.00278098 0.00278099
3.81 0.00268419 0.0026842
3.82 0.0025905 0.00259051
3.83 0.00249981 0.00249982
3.84 0.00241204 0.00241205
3.85 0.0023271 0.00232711
3.86 0.00224491 0.00224493
3.87 0.00216539 0.00216541
3.88 0.00208847 0.00208849
3.89 0.00201407 0.00201408
3.9 0.00194211 0.00194212
3.91 0.00187252 0.00187253
3.92 0.00180523 0.00180525
3.93 0.00174017 0.00174019
3.94 0.00167728 0.0016773
3.95 0.00161649 0.00161651
3.96 0.00155774 0.00155776
3.97 0.00150096 0.00150098
3.98 0.0014461 0.00144612
3.99 0.0013931 0.00139312
4 0.00134189 0.00134192
4.01 0.00129243 0.00129246
4.02 0.00124466 0.00124469
4.03 0.00119853 0.00119856
4.04 0.00115399 0.00115402
4.05 0.00111098 0.00111101
4.06 0.00106947 0.0010695
4.07 0.00102939 0.00102942
4.08 0.000990712 0.000990745
4.09 0.000953386 0.00095342
4.1 0.000917368 0.000917404
4.11 0.000882617 0.000882654
4.12 0.000849093 0.000849131
4.13 0.000816755 0.000816795
4.14 0.000785566 0.000785607
4.15 0.000755487 0.00075553
4.16 0.000726483 0.000726527
4.17 0.000698518 0.000698564
4.18 0.000671558 0.000671606
4.19 0.000645571 0.00064562
4.2 0.000620523 0.000620574
4.21 0.000596384 0.000596437
4.22 0.000573123 0.000573178
4.23 0.00055071 0.000550767
4.24 0.000529118 0.000529177
4.25 0.000508319 0.00050838
4.26 0.000488285 0.000488349
4.27 0.000468991 0.000469057
4.28 0.000450411 0.00045048
4.29 0.000432521 0.000432593
4.3 0.000415298 0.000415372
4.31 0.000398718 0.000398795
4.32 0.000382759 0.00038284
4.33 0.0003674 0.000367483
4.34 0.000352619 0.000352706
4.35 0.000338397 0.000338487
4.36 0.000324714 0.000324807
4.37 0.000311551 0.000311648
4.38 0.000298889 0.00029899
4.39 0.000286711 0.000286816
4.4 0.000274999 0.000275108
4.41 0.000263738 0.000263851
4.42 0.00025291 0.000253028
4.43 0.000242501 0.000242623
4.44 0.000232494 0.000232622
4.45 0.000222877 0.00022301
4.46 0.000213634 0.000213772
4.47 0.000204751 0.000204895
4.48 0.000196217 0.000196367
4.49 0.000188018 0.000188173
4.5 0.000180141 0.000180303
4.51 0.000172575 0.000172743
4.52 0.000165308 0.000165484
4.53 0.000158329 0.000158512
4.54 0.000151628 0.000151819
4.55 0.000145194 0.000145393
4.56 0.000139017 0.000139224
4.57 0.000133088 0.000133303
4.58 0.000127396 0.00012762
4.59 0.000121933 0.000122167
4.6 0.000116691 0.000116935
4.61 0.000111661 0.000111915
4.62 0.000106835 0.000107099
4.63 0.000102204 0.00010248
4.64 9.77622e-05 9.80497e-05
4.65 9.35014e-05 9.38012e-05
4.66 8.94147e-05 8.97274e-05
4.67 8.54954e-05 8.58215e-05
4.68 8.1737e-05 8.20771e-05
4.69 7.8133e-05 7.84878e-05
4.7 7.46775e-05 7.50476e-05
4.71 7.13646e-05 7.17508e-05
4.72 6.81886e-05 6.85916e-05
4.73 6.51441e-05 6.55646e-05
4.74 6.22258e-05 6.26647e-05
4.75 5.94286e-05 5.98867e-05
4.76 5.67477e-05 5.7226e-05
4.77 5.41784e-05 5.46778e-05
4.78 5.17161e-05 5.22375e-05
4.79 4.93565e-05 4.9901e-05
4.8 4.70953e-05 4.7664e-05
4.81 4.49286e-05 4.55225e-05
4.82 4.28523e-05 4.34728e-05
4.83 4.08627e-05 4.15109e-05
4.84 3.89562e-05 3.96335e-05
4.85 3.71292e-05 3.78371e-05
4.86 3.53785e-05 3.61183e-05
4.87 3.37008e-05 3.4474e-05
4.88 3.20928e-05 3.29011e-05
4.89 3.05517e-05 3.13967e-05
4.9 2.90745e-05 2.9958e-05
4.91 2.76583e-05 2.85822e-05
4.92 2.63006e-05 2.72668e-05
4.93 2.49986e-05 2.60092e-05
4.94 2.37499e-05 2.4807e-05
4.95 2.25521e-05 2.36579e-05
4.96 2.14027e-05 2.25597e-05
4.97 2.02996e-05 2.15103e-05
4.98 1.92406e-05 2.05075e-05
4.99 1.82234e-05 1.95494e-05
5 1.72463e-05 1.86342e-05
5.01 1.6307e-05 1.776e-05
5.02 1.54038e-05 1.6925e-05
5.03 1.45348e-05 1.61276e-05
5.04 1.36982e-05 1.53661e-05
5.05 1.28923e-05 1.46391e-05
5.06 1.21155e-05 1.39451e-05
5.07 1.1366e-05 1.32826e-05
5.08 1.06423e-05 1.26502e-05
5.09 9.94292e-06 1.20467e-05
5.1 9.2663e-06 1.14708e-05
5.11 8.61101e-06 1.09212e-05
5.12 7.97562e-06 1.0397e-05
5.13 7.35874e-06 9.89685e-06
5.14 6.75903e-06 9.4198e-06
5.15 6.17515e-06 8.96481e-06
5.16 5.6058e-06 8.53092e-06
5.17 5.04969e-06 8.11718e-06
5.18 4.50557e-06 7.72271e-06
5.19 3.97219e-06 7.34665e-06
5.2 3.44831e-06 6.98817e-06
5.21 2.93273e-06 6.6465e-06
5.22 2.42422e-06 6.32088e-06
5.23 1.9216e-06 6.01058e-06
5.24 1.42365e-06 5.71493e-06
5.25 9.29189e-07 5.43326e-06
5.26 4.37008e-07 5.16493e-06
5.27 -5.40959e-08 4.90935e-06
5.28 -5.45335e-07 4.66593e-06
5.29 -1.03793e-06 4.43412e-06
5.3 -1.53312e-06 4.21339e-06
5.31 -2.03216e-06 4.00323e-06
5.32 -2.53632e-06 3.80317e-06
5.33 -3.04691e-06 3.61272e-06
5.34 -3.56523e-06 3.43146e-06
5.35 -4.09266e-06 3.25896e-06
5.36 -4.63057e-06 3.0948e-06
5.37 -5.18041e-06 2.93862e-06
5.38 -5.74363e-06 2.79002e-06
5.39 -6.32176e-06 2.64867e-06
5.4 -6.91636e-06 2.51421e-06
5.41 -7.52906e-06 2.38634e-06
5.42 -8.16154e-06 2.26473e-06
5.43 -8.81555e-06 2.1491e-06
5.44 -9.49292e-06 2.03916e-06
5.45 -1.01955e-05 1.93465e-06
5.46 -1.09254e-05 1.8353e-06
5.47 -1.16846e-05 1.74088e-06
5.48 -1.24752e-05 1.65114e-06
5.49 -1.32995e-05 1.56587e-06
5.5 -1.416e-05 1.48484e-06
5.51 -1.5059e-05 1.40787e-06
5.52 -1.59993e-05 1.33474e-06
5.53 -1.69835e-05 1.26529e-06
5.54 -1.80146e-05 1.19932e-06
5.55 -1.90956e-05 1.13668e-06
5.56 -2.02297e-05 1.07719e-06
5.57 -2.14202e-05 1.02072e-06
5.58 -2.26708e-05 9.67103e-07
5.59 -2.39853e-05 9.1621e-07
5.6 -2.53675e-05 8.67905e-07
5.61 -2.68216e-05 8.22063e-07
5.62 -2.83521e-05 7.78561e-07
5.63 -2.99637e-05 7.37286e-07
5.64 -3.16614e-05 6.98126e-07
5.65 -3.34502e-05 6.60979e-07
5.66 -3.53359e-05 6.25743e-07
5.67 -3.73241e-05 5.92325e-07
5.68 -3.94212e-05 5.60633e-07
5.69 -4.16337e-05 5.30583e-07
5.7 -4.39685e-05 5.02091e-07
5.71 -4.6433e-05 4.75081e-07
5.72 -4.9035e-05 4.49477e-07
5.73 -5.17828e-05 4.25209e-07
5.74 -5.46851e-05 4.0221e-07
5.75 -5.77512e-05 3.80416e-07
5.76 -6.0991e-05 3.59766e-07
5.77 -6.44149e-05 3.40201e-07
5.78 -6.80339e-05 3.21668e-07
5.79 -7.186e-05 3.04113e-07
5.8 -7.59054e-05 2.87486e-07
5.81 -8.01834e-05 2.7174e-07
5.82 -8.47082e-05 2.5683e-07
5.83 -8.94945e-05 2.42714e-07
5.84 -9.45583e-05 2.29349e-07
5.85 -9.99163e-05 2.16699e-07
5.86 -0.000105586 2.04725e-07
5.87 -0.000111587 1.93392e-07
5.88 -0.000117939 1.82668e-07
5.89 -0.000124664 1.72521e-07
5.9 -0.000131784 1.62921e-07
5.91 -0.000139323 1.5384e-07
5.92 -0.000147307 1.45249e-07
5.93 -0.000155764 1.37125e-07
5.94 -0.000164721 1.29441e-07
5.95 -0.000174211 1.22175e-07
5.96 -0.000184265 1.15306e-07
5.97 -0.000194918 1.08811e-07
5.98 -0.000206208 1.02672e-07
5.99 -0.000218174 9.68688e-08
6 -0.000230858 9.13844e-08
6.01 -0.000244303 8.62018e-08
6.02 -0.000258558 8.13046e-08
6.03 -0.000273672 7.66778e-08
6.04 -0.0002897 7.23069e-08
6.05 -0.000306698 6.81781e-08
6.06 -0.000324727 6.42785e-08
6.07 -0.000343851 6.05957e-08
6.08 -0.00036414 5.71181e-08
6.09 -0.000385666 5.38345e-08
6.1 -0.000408507 5.07344e-08
6.11 -0.000432745 4.7808e-08
6.12 -0.00045847 4.50457e-08
6.13 -0.000485776 4.24387e-08
6.14 -0.000514761 3.99785e-08
6.15 -0.000545533 3.7657e-08
6.16 -0.000578205 3.54666e-08
6.17 -0.000612899 3.34003e-08
6.18 -0.000649743 3.14511e-08
6.19 -0.000688874 2.96126e-08
6.2 -0.000730439 2.78788e-08
6.21 -0.000774593 2.62437e-08
6.22 -0.000821503 2.4702e-08
6.23 -0.000871345 2.32485e-08
6.24 -0.00092431 2.18783e-08
6.25 -0.000980597 2.05867e-08
6.26 -0.00104042 1.93694e-08
6.27 -0.00110401 1.82222e-08
6.28 -0.00117161 1.71412e-08
6.29 -0.00124349 1.61227e-08
6.3 -0.00131991 1.51631e-08
6.31 -0.00140117 1.42592e-08
6.32 -0.00148759 1.34078e-08
6.33 -0.00157952 1.26059e-08
6.34 -0.0016773 1.18508e-08
6.35 -0.00178132 1.11398e-08
6.36 -0.00189199 1.04703e-08
6.37 -0.00200975 9.84009e-09
6.38 -0.00213506 9.24686e-09
6.39 -0.00226843 8.6885e-09
6.4 -0.00241038 8.16302e-09
6.41 -0.00256148 7.66853e-09
6.42 -0.00272235 7.20326e-09
6.43 -0.00289362 6.76553e-09
6.44 -0.00307599 6.35374e-09
6.45 -0.0032702 5.96641e-09
6.46 -0.00347703 5.60212e-09
6.47 -0.00369734 5.25953e-09
6.48 -0.00393203 4.93739e-09
6.49 -0.00418205 4.6345e-09
6.5 -0.00444843 4.34975e-09
6.51 -0.00473229 4.08207e-09
6.52 -0.00503478 3.83048e-09
6.53 -0.00535718 3.59403e-09
6.54 -0.00570081 3.37182e-09
6.55 -0.00606713 3.16303e-09
6.56 -0.00645767 2.96687e-09
6.57 -0.00687407 2.78258e-09
6.58 -0.00731809 2.60948e-09
6.59 -0.00779161 2.44689e-09
6.6 -0.00829664 2.2942e-09
6.61 -0.00883534 2.15082e-09
6.62 -0.00941 2.01619e-09
6.63 -0.0100231 1.8898e-09
6.64 -0.0106773 1.77115e-09
6.65 -0.0113753 1.65978e-09
6.66 -0.0121203 1.55525e-09
6.67 -0.0129154 1.45715e-09
6.68 -0.0137641 1.36511e-09
6.69 -0.0146701 1.27875e-09
6.7 -0.0156374 1.19772e-09
6.71 -0.0166702 1.12172e-09
6.72 -0.0177731 1.05043e-09
6.73 -0.018951 9.83577e-10
6.74 -0.020209 9.20881e-10
6.75 -0.0215529 8.62093e-10
6.76 -0.0229884 8.06976e-10
6.77 -0.0245222 7.55305e-10
6.78 -0.0261611 7.06871e-10
6.79 -0.0279124 6.61475e-10
6.8 -0.0297841 6.18931e-10
6.81 -0.0317846 5.79064e-10
6.82 -0.033923 5.4171e-10
6.83 -0.0362091 5.06714e-10
6.84 -0.0386534 4.7393e-10
6.85 -0.0412669 4.43222e-10
6.86 -0.0440617 4.14461e-10
6.87 -0.0470508 3.87527e-10
6.88 -0.0502479 3.62306e-10
6.89 -0.0536679 3.38692e-10
6.9 -0.0573266 3.16585e-10
6.91 -0.0612412 2.95891e-10
6.92 -0.0654299 2.76521e-10
6.93 -0.0699125 2.58393e-10
6.94 -0.0747099 2.41428e-10
6.95 -0.0798449 2.25555e-10
6.96 -0.0853418 2.10703e-10
6.97 -0.0912266 1.9681e-10
6.98 -0.0975274 1.83813e-10
6.99 -0.104274 1.71658e-10
7 -0.1115 1.60289e-10
7.01 -0.119238 1.49659e-10
7.02 -0.127527 1.39719e-10
7.03 -0.136406 1.30426e-10
7.04 -0.145919 1.21739e-10
7.05 -0.156111 1.13619e-10
7.06 -0.167033 1.06029e-10
7.07 -0.178738 9.89368e-11
7.08 -0.191283 9.23093e-11
7.09 -0.204729 8.6117e-11
7.1 -0.219144 8.03318e-11
7.11 -0.234598 7.49277e-11
7.12 -0.251168 6.988e-11
7.13 -0.268937 6.51656e-11
7.14 -0.287993 6.07632e-11
7.15 -0.308431 5.66524e-11
7.16 -0.330354 5.28143e-11
7.17 -0.353872 4.92312e-11
7.18 -0.379104 4.58865e-11
7.19 -0.406177 4.27647e-11
7.2 -0.435229 3.98512e-11
7.21 -0.466408 3.71324e-11
7.22 -0.499873 3.45956e-11
7.23 -0.535794 3.22288e-11
7.24 -0.574357 3.00209e-11
7.25 -0.615759 2.79613e-11
7.26 -0.660214 2.60404e-11
7.27 -0.707953 2.4249e-11
7.28 -0.759222 2.25786e-11
7.29 -0.814289 2.10211e-11
7.3 -0.873442 1.9569e-11
7.31 -0.936988 1.82153e-11
7.32 -1.00526 1.69536e-11
7.33 -1.07863 1.57777e-11
7.34 -1.15746 1.46818e-11
7.35 -1.24219 1.36607e-11
7.36 -1.33326 1.27093e-11
7.37 -1.43115 1.18229e-11
7.38 -1.53639 1.09972e-11
7.39 -1.64954 1.02282e-11
7.4 -1.77121 9.51197e-12
7.41 -1.90206 8.84499e-12
7.42 -2.04278 8.22395e-12
7.43 -2.19413 7.64573e-12
7.44 -2.35695 7.10744e-12
7.45 -2.53212 6.60638e-12
7.46 -2.72058 6.14001e-12
7.47 -2.92337 5.70599e-12
7.48 -3.14161 5.3021e-12
7.49 -3.37649 4.92631e-12
7.5 -3.62931 4.57668e-12
7.51 -3.90147 4.25144e-12
7.52 -4.19446 3.9489e-12
7.53 -4.50993 3.66752e-12
7.54 -4.84964 3.40585e-12
7.55 -5.21547 3.16252e-12
7.56 -5.60947 2.93628e-12
7.57 -6.03387 2.72594e-12
7.58 -6.49106 2.53042e-12
7.59 -6.9836 2.34868e-12
7.6 -7.51431 2.17977e-12
7.61 -8.08618 2.0228e-12
7.62 -8.70247 1.87695e-12
7.63 -9.36671 1.74143e-12
7.64 -10.0827 1.61554e-12
7.65 -10.8545 1.49859e-12
7.66 -11.6867 1.38997e-12
7.67 -12.5839 1.28909e-12
7.68 -13.5514 1.19541e-12
7.69 -14.5949 1.10843e-12
7.7 -15.7203 1.02767e-12
7.71 -16.9342 9.52695e-13
7.72 -18.2438 8.83102e-13
7.73 -19.6566 8.1851e-13
7.74 -21.1811 7.58565e-13
7.75 -22.8262 7.02938e-13
7.76 -24.6016 6.51325e-13
7.77 -26.5179 6.0344e-13
7.78 -28.5863 5.59019e-13
7.79 -30.8193 5.17815e-13
7.8 -33.2302 4.79599e-13
7.81 -35.8333 4.44158e-13
7.82 -38.6444 4.11295e-13
7.83 -41.6804 3.80825e-13
7.84 -44.9595 3.52576e-13
7.85 -48.5016 3.26389e-13
7.86 -52.3281 3.02117e-13
7.87 -56.4625 2.79621e-13
7.88 -60.9297 2.58774e-13
7.89 -65.7572 2.39457e-13
7.9 -70.9746 2.21559e-13
7.91 -76.6138 2.04978e-13
7.92 -82.7096 1.89619e-13
7.93 -89.2997 1.75393e-13
7.94 -96.4249 1.62218e-13
7.95 -104.129 1.50017e-13
7.96 -112.461 1.3872e-13
7.97 -121.472 1.2826e-13
7.98 -131.218 1.18577e-13
7.99 -141.761 1.09614e-13
8 -153.167 1.01318e-13
8.01 -165.508 9.36409e-14
8.02 -178.862 8.65364e-14
8.03 -193.313 7.99628e-14
8.04 -208.953 7.3881e-14
8.05 -225.882 6.82548e-14
8.06 -244.208 6.30507e-14
8.07 -264.047 5.82375e-14
8.08 -285.528 5.37863e-14
8.09 -308.789 4.96702e-14
8.1 -333.979 4.58645e-14
8.11 -361.261 4.2346e-14
8.12 -390.812 3.90935e-14
8.13 -422.824 3.60872e-14
8.14 -457.505 3.33086e-14
8.15 -495.082 3.07409e-14
8.16 -535.801 2.83683e-14
8.17 -579.929 2.61761e-14
8.18 -627.756 2.41508e-14
8.19 -679.597 2.228e-14
8.2 -735.795 2.0552e-14
8.21 -796.723 1.89562e-14
8.22 -862.784 1.74824e-14
8.23 -934.42 1.61216e-14
8.24 -1012.11 1.48653e-14
8.25 -1096.37 1.37054e-14
8.26 -1187.77 1.26348e-14
8.27 -1286.92 1.16466e-14
8.28 -1394.49 1.07346e-14
8.29 -1511.2 9.89299e-15
8.3 -1637.86 9.11646e-15
8.31 -1775.31 8.40004e-15
8.32 -1924.5 7.73913e-15
8.33 -2086.44 7.12949e-15
8.34 -2262.24 6.56721e-15
8.35 -2453.1 6.04867e-15
8.36 -2660.34 5.5705e-15
8.37 -2885.39 5.12961e-15
8.38 -3129.8 4.72314e-15
8.39 -3395.26 4.34844e-15
8.4 -3683.61 4.00306e-15
8.41 -3996.87 3.68473e-15
8.42 -4337.21 3.39138e-15
8.43 -4707.02 3.12106e-15
8.44 -5108.89 2.872e-15
8.45 -5545.63 2.64255e-15
8.46 -6020.33 2.43118e-15
8.47 -6536.34 2.23649e-15
8.48 -7097.31 2.05718e-15
8.49 -7707.22 1.89206e-15
8.5 -8370.4 1.74001e-15
8.51 -9091.58 1.60002e-15
8.52 -9875.92 1.47115e-15
8.53 -10729 1.35251e-15
8.54 -11657 1.24332e-15
8.55 -12666.6 1.14283e-15
8.56 -13765 1.05035e-15
8.57 -14960.2 9.65262e-16
8.58 -16260.9 8.86974e-16
8.59 -17676.4 8.14953e-16
8.6 -19217.2 7.48704e-16
8.61 -20894.4 6.87771e-16
8.62 -22720.3 6.31733e-16
8.63 -24708.4 5.80202e-16
8.64 -26873.1 5.3282e-16
8.65 -29230.6 4.89259e-16
8.66 -31798.1 4.49213e-16
8.67 -34594.7 4.12403e-16
8.68 -37641.1 3.78571e-16
8.69 -40960 3.47479e-16
8.7 -44576.1 3.18909e-16
8.71 -48516.4 2.92658e-16
8.72 -52810.5 2.6854e-16
8.73 -57490.5 2.46385e-16
8.74 -62591.7 2.26035e-16
8.75 -68152.5 2.07345e-16
8.76 -74215.1 1.90181e-16
8.77 -80825.2 1.7442e-16
8.78 -88033.1 1.59949e-16
8.79 -95893.7 1.46664e-16
8.8 -104467 1.34469e-16
8.81 -113818 1.23275e-16
8.82 -124019 1.13002e-16
8.83 -135149 1.03574e-16
8.84 -147292 9.49232e-17
8.85 -160543 8.69862e-17
8.86 -175003 7.97047e-17
8.87 -190786 7.30253e-17
8.88 -208014 6.68989e-17
8.89 -226821 6.12803e-17
8.9 -247353 5.61279e-17
8.91 -269772 5.14035e-17
8.92 -294253 4.7072e-17
8.93 -320988 4.31011e-17
8.94 -350189 3.94612e-17
8.95 -382085 3.6125e-17
8.96 -416929 3.30675e-17
8.97 -454997 3.02658e-17
8.98 -496592 2.76986e-17
8.99 -542045 2.53466e-17
9 -591720 2.3192e-17
9.01 -646012 2.12184e-17
9.02 -705359 1.94107e-17
9.03 -770237 1.77553e-17
9.04 -841169 1.62394e-17
9.05 -918727 1.48514e-17
9.06 -1.00354e+06 1.35807e-17
9.07 -1.09629e+06 1.24175e-17
9.08 -1.19774e+06 1.13527e-17
9.09 -1.30871e+06 1.03782e-17
9.1 -1.43011e+06 9.48637e-18
9.11 -1.56294e+06 8.67031e-18
9.12 -1.70827e+06 7.92365e-18
9.13 -1.86731e+06 7.24055e-18
9.14 -2.04136e+06 6.61568e-18
9.15 -2.23187e+06 6.04412e-18
9.16 -2.44041e+06 5.52138e-18
9.17 -2.6687e+06 5.04334e-18
9.18 -2.91865e+06 4.60623e-18
9.19 -3.19234e+06 4.20657e-18
9.2 -3.49205e+06 3.8412e-18
9.21 -3.82028e+06 3.50721e-18
9.22 -4.1798e+06 3.20194e-18
9.23 -4.57363e+06 2.92294e-18
9.24 -5.00507e+06 2.66799e-18
9.25 -5.47777e+06 2.43502e-18
9.26 -5.99573e+06 2.22217e-18
9.27 -6.56334e+06 2.02773e-18
9.28 -7.18542e+06 1.85011e-18
9.29 -7.86727e+06 1.68787e-18
9.3 -8.6147e+06 1.53971e-18
9.31 -9.43411e+06 1.40441e-18
9.32 -1.03325e+07 1.28088e-18
9.33 -1.13176e+07 1.16809e-18
9.34 -1.2398e+07 1.06512e-18
9.35 -1.35828e+07 9.71133e-19
9.36 -1.48824e+07 8.85349e-19
9.37 -1.6308e+07 8.07062e-19
9.38 -1.7872e+07 7.35622e-19
9.39 -1.95879e+07 6.70439e-19
9.4 -2.14709e+07 6.10969e-19
9.41 -2.35372e+07 5.56719e-19
9.42 -2.58051e+07 5.07234e-19
9.43 -2.82944e+07 4.62101e-19
9.44 -3.10269e+07 4.20941e-19
9.45 -3.40269e+07 3.83409e-19
9.46 -3.73207e+07 3.49188e-19
9.47 -4.09376e+07 3.17989e-19
9.48 -4.49096e+07 2.89548e-19
9.49 -4.9272e+07 2.63624e-19
9.5 -5.40637e+07 2.39998e-19
9.51 -5.93275e+07 2.18466e-19
9.52 -6.51104e+07 1.98846e-19
9.53 -7.14643e+07 1.8097e-19
9.54 -7.84464e+07 1.64684e-19
9.55 -8.61193e+07 1.49849e-19
9.56 -9.45525e+07 1.36336e-19
9.57 -1.03822e+08 1.2403e-19
9.58 -1.14012e+08 1.12822e-19
9.59 -1.25215e+08 1.02617e-19
9.6 -1.37533e+08 9.33261e-20
9.61 -1.51078e+08 8.48675e-20
9.62 -1.65974e+08 7.71677e-20
9.63 -1.82357e+08 7.01594e-20
9.64 -2.00378e+08 6.37812e-20
9.65 -2.20203e+08 5.79769e-20
9.66 -2.42013e+08 5.26955e-20
9.67 -2.66011e+08 4.78904e-20
9.68 -2.92419e+08 4.35191e-20
9.69 -3.2148e+08 3.95427e-20
9.7 -3.53467e+08 3.59261e-20
9.71 -3.88676e+08 3.26369e-20
9.72 -4.27435e+08 2.96459e-20
9.73 -4.70108e+08 2.69262e-20
9.74 -5.17093e+08 2.44536e-20
9.75 -5.68833e+08 2.22058e-20
9.76 -6.25814e+08 2.01626e-20
9.77 -6.88574e+08 1.83055e-20
9.78 -7.57704e+08 1.66178e-20
9.79 -8.3386e+08 1.50842e-20
9.8 -9.17764e+08 1.36907e-20
9.81 -1.01021e+09 1.24247e-20
9.82 -1.11209e+09 1.12747e-20
9.83 -1.22437e+09 1.023e-20
9.84 -1.34811e+09 9.28122e-21
9.85 -1.48452e+09 8.41957e-21
9.86 -1.6349e+09 7.63714e-21
9.87 -1.80069e+09 6.92672e-21
9.88 -1.9835e+09 6.28176e-21
9.89 -2.18509e+09 5.69627e-21
9.9 -2.40742e+09 5.16483e-21
9.91 -2.65264e+09 4.6825e-21
9.92 -2.92313e+09 4.24478e-21
9.93 -3.22153e+09 3.84759e-21
9.94 -3.55076e+09 3.48722e-21
9.95 -3.91404e+09 3.16028e-21
9.96 -4.31492e+09 2.8637e-21
9.97 -4.75735e+09 2.59469e-21
9.98 -5.24568e+09 2.35072e-21
9.99 -5.78472e+09 2.12947e-21
