0.3 1.23692
0.332 0.315058
0.364 0.00117845
0.396 0.233445
0.428 1.02925
0.46 2.47546
0.492 4.6236
0.524 7.57177
0.556 11.2727
0.588 15.5396
0.62 20.1632
0.652 24.7571
0.684 29.2596
0.716 33.1945
0.748 36.6088
0.78 39.3619
0.812 41.7457
0.844 43.8258
0.876 45.8531
0.908 48.1808
0.94 50.6395
0.972 53.5972
1.004 56.6314
1.036 60.0841
1.068 63.7804
1.1 67.3161
1.132 70.8134
1.164 74.0169
1.196 76.7007
1.228 79.0758
1.26 80.8661
1.292 81.9903
1.324 82.4591
1.356 82.3707
1.388 82.2214
1.42 81.6341
1.452 80.7212
1.484 79.6334
1.516 78.5334
1.548 77.5557
1.58 76.4158
1.612 75.8272
1.644 75.0061
1.676 74.7443
1.708 74.1619
1.74 73.5936
1.772 72.9541
1.804 72.0813
1.836 71.1396
1.868 69.9272
1.9 68.4632
1.932 66.7626
1.964 64.7889
1.996 62.8459
2.028 60.6042
2.06 58.2799
2.092 55.9763
2.124 53.8106
2.156 51.8918
2.188 50.2963
2.22 49.0458
2.252 48.0998
2.284 47.3671
2.316 46.7318
2.348 46.0522
2.38 45.556
2.412 44.8228
2.444 44.5528
2.476 43.3602
2.508 42.9434
2.54 41.1668
2.572 40.3279
2.604 39.3474
2.636 36.7425
2.668 35.2101
2.7 33.4609
2.732 31.4885
2.764 29.3031
2.796 26.3942
2.828 24.1526
2.86 21.8888
2.892 19.6612
2.924 17.5285
2.956 15.5439
2.988 13.7504
3.02 12.1771
3.052 9.51428
3.084 8.40823
3.116 7.58219
3.148 7.00297
3.18 6.63062
3.212 6.42145
3.244 5.15349
3.276 5.43178
3.308 5.72
3.34 5.31019
3.372 5.84639
3.404 6.16957
3.436 6.58658
3.468 6.66873
