0.3 0.0229264
0.332 0.0358152
0.364 0.0531941
0.396 0.0769335
0.428 0.109535
0.46 0.153599
0.492 0.210894
0.524 0.281563
0.556 0.363313
0.588 0.45163
0.62 0.541403
0.652 0.627209
0.684 0.707666
0.716 0.782594
0.748 0.85708
0.78 0.938313
0.812 1.03611
0.844 1.16031
0.876 1.32224
0.908 1.53206
0.94 1.7949
0.972 2.11562
1.004 2.49031
1.036 2.91254
1.068 3.36763
1.1 3.84114
1.132 4.3144
1.164 4.77252
1.196 5.20791
1.228 5.62998
1.26 6.04074
1.292 6.4587
1.324 6.91012
1.356 7.42652
1.388 8.03275
1.42 8.76364
1.452 9.652
1.484 10.726
1.516 12.0052
1.548 13.497
1.58 15.1848
1.612 17.0717
1.644 19.1157
1.676 21.2637
1.708 23.5013
1.74 25.7788
1.772 28.0683
1.804 30.4059
1.836 32.7081
1.868 35.0559
1.9 37.5201
1.932 40.122
1.964 42.9479
1.996 46.105
2.028 49.5977
2.06 53.5101
2.092 57.8781
2.124 62.6997
2.156 67.9252
2.188 73.4534
2.22 79.1363
2.252 84.7969
2.284 90.2538
2.316 95.3486
2.348 100.06
2.38 104.139
2.412 107.657
2.444 110.715
2.476 113.206
2.508 115.31
2.54 117.023
2.572 118.422
2.604 119.532
2.636 120.441
2.668 121.057
2.7 121.419
2.732 121.51
2.764 121.307
2.796 120.805
2.828 119.958
2.86 118.807
2.892 117.388
2.924 115.755
2.956 113.972
2.988 112.109
3.02 110.226
3.052 108.32
3.084 106.534
3.116 104.84
3.148 103.246
3.18 101.749
3.212 100.334
3.244 98.9834
3.276 97.7032
3.308 96.4515
3.34 95.265
3.372 94.0318
3.404 92.7754
3.436 91.5863
3.468 90.261
