0.3 1.78299
0.332 1.37733
0.364 0.951044
0.396 0.582733
0.428 0.308397
0.46 0.12736
0.492 0.0266615
0.524 0.00118428
0.556 0.0629562
0.588 0.248127
0.62 0.603451
0.652 1.19568
0.684 2.0526
0.716 3.20673
0.748 4.62642
0.78 6.24156
0.812 7.96859
0.844 9.7287
0.876 11.3924
0.908 12.8927
0.94 14.2727
0.972 15.5112
1.004 16.6885
1.036 17.8633
1.068 19.1538
1.1 20.5539
1.132 22.2026
1.164 24.1617
1.196 26.4442
1.228 28.8824
1.26 31.5909
1.292 34.4926
1.324 37.4744
1.356 40.4046
1.388 43.2929
1.42 46.0102
1.452 48.4417
1.484 50.4971
1.516 52.1275
1.548 53.3359
1.58 54.4462
1.612 54.9336
1.644 55.3733
1.676 55.5656
1.708 55.7733
1.74 55.9957
1.772 56.3376
1.804 56.5046
1.836 57.2499
1.868 58.2705
1.9 59.0804
1.932 60.5773
1.964 61.8179
1.996 63.5347
2.028 64.9816
2.06 66.4576
2.092 67.8945
2.124 69.2233
2.156 70.3821
2.188 71.3228
2.22 72.0153
2.252 72.4494
2.284 72.6332
2.316 72.59
2.348 72.6749
2.38 72.235
2.412 71.6746
2.444 71.2418
2.476 70.4981
2.508 69.8522
2.54 69.0793
2.572 68.3463
2.604 67.5827
2.636 66.9803
2.668 66.3085
2.7 65.681
2.732 65.1117
2.764 64.6059
2.796 64.3846
2.828 63.9458
2.86 63.5047
2.892 63.034
2.924 62.5059
2.956 61.8959
2.988 61.1863
3.02 60.3679
3.052 59.4542
3.084 58.3977
3.116 57.2467
3.148 56.0305
3.18 54.7825
3.212 53.5358
3.244 51.9408
3.276 50.7454
3.308 49.6461
3.34 48.0286
3.372 47.1888
3.404 46.4655
3.436 45.2071
3.468 44.7867
