0.3 30.9746
0.332 61.7544
0.364 67.106
0.396 66.0044
0.428 57.7305
0.46 49.4646
0.492 29.0458
0.524 11.1717
0.556 15.3019
0.588 24.9667
0.62 21.3599
0.652 29.9064
0.684 37.0501
0.716 36.4077
0.748 34.766
0.78 27.7807
0.812 23.164
0.844 22.3958
0.876 15.7374
0.908 8.80505
0.94 5.27981
0.972 2.73115
1.004 0.815078
1.036 0.0664902
1.068 0.00189731
1.1 0.866264
1.132 2.48429
1.164 2.45887
1.196 1.14652
1.228 2.38104
1.26 2.22019
1.292 0.180096
1.324 0.0725331
1.356 0.0508635
1.388 1.09045
1.42 3.41561
1.452 3.96559
1.484 2.05879
1.516 0.298977
1.548 0.082899
1.58 0.00147325
1.612 1.12606
1.644 1.71087
1.676 3.55604
1.708 4.76476
1.74 6.08107
1.772 7.28965
1.804 10.7968
1.836 11.0864
1.868 10.9317
1.9 13.6028
1.932 12.3075
1.964 13.2311
1.996 11.9226
2.028 12.5752
2.06 12.6737
2.092 11.4687
2.124 8.01158
2.156 2.36157
2.188 0.0961204
2.22 0.612101
2.252 2.34641
2.284 4.1097
2.316 5.57878
2.348 1.26363
2.38 4.80076
2.412 6.92061
2.444 5.69292
2.476 7.89726
2.508 7.60718
2.54 8.99561
2.572 9.15161
2.604 9.37236
2.636 9.73955
2.668 9.77048
2.7 9.65768
2.732 9.28273
2.764 8.48328
2.796 8.84254
2.828 8.35658
2.86 7.81373
2.892 7.27338
2.924 6.80479
2.956 6.47135
2.988 6.31443
3.02 6.34024
3.052 0.312321
3.084 1.63176
3.116 4.15305
3.148 6.19176
3.18 7.13225
3.212 7.46013
3.244 7.97516
3.276 7.9669
3.308 7.79865
3.34 6.64013
3.372 7.73738
3.404 7.56758
3.436 7.49901
3.468 7.41862
