0.3 24.8811
0.332 32.4822
0.364 40.6521
0.396 49.5378
0.428 59.0212
0.46 68.2136
0.492 76.6647
0.524 83.7489
0.556 88.7349
0.588 91.5394
0.62 93.2427
0.652 92.8492
0.684 91.9124
0.716 90.144
0.748 88.1927
0.78 86.9706
0.812 85.8496
0.844 84.6006
0.876 84.0114
0.908 83.5051
0.94 82.2528
0.972 80.4939
1.004 78.0603
1.036 74.9995
1.068 71.4774
1.1 67.3919
1.132 63.1471
1.164 59.2564
1.196 56.0783
1.228 52.3415
1.26 49.4669
1.292 47.6284
1.324 46.5141
1.356 45.5271
1.388 44.7134
1.42 44.277
1.452 43.6592
1.484 42.358
1.516 40.1806
1.548 37.2402
1.58 36.2783
1.612 31.8516
1.644 29.3779
1.676 24.7947
1.708 21.6375
1.74 18.3861
1.772 15.2582
1.804 11.8942
1.836 9.2671
1.868 7.30082
1.9 4.45758
1.932 3.76641
1.964 1.92807
1.996 2.11469
2.028 1.22095
2.06 0.670251
2.092 0.409146
2.124 0.374514
2.156 0.567297
2.188 1.04194
2.22 1.72403
2.252 2.33477
2.284 2.61955
2.316 2.52795
2.348 4.41302
2.38 3.11378
2.412 2.02285
2.444 2.6367
2.476 1.23173
2.508 1.27822
2.54 0.33342
2.572 0.187502
2.604 0.0582742
2.636 0.0849975
2.668 0.324176
2.7 0.78459
2.732 1.53335
2.764 2.62671
2.796 3.20515
2.828 4.29722
2.86 5.46584
2.892 6.63313
2.924 7.71298
2.956 8.62408
2.988 9.30269
3.02 9.71241
3.052 14.5385
3.084 13.7692
3.116 12.6163
3.148 11.2922
3.18 10.013
3.212 8.93515
3.244 8.87652
3.276 7.38814
3.308 6.7121
3.34 4.31627
3.372 4.81413
3.404 5.42802
3.436 3.39807
3.468 4.91004
