0.3 0.219147
0.332 0.332376
0.364 0.486454
0.396 0.686722
0.428 0.932765
0.46 1.21854
0.492 1.53707
0.524 1.88304
0.556 2.26155
0.588 2.69164
0.62 3.20677
0.652 3.85347
0.684 4.68682
0.716 5.77564
0.748 7.1846
0.78 8.98009
0.812 11.2093
0.844 13.9146
0.876 17.1251
0.908 20.8704
0.94 25.2305
0.972 30.3133
1.004 36.34
1.036 43.594
1.068 52.4918
1.1 63.5096
1.132 77.148
1.164 93.7496
1.196 113.208
1.228 134.638
1.26 156.326
1.292 175.874
1.324 191.011
1.356 200.402
1.388 203.938
1.42 202.385
1.452 196.956
1.484 188.848
1.516 179.056
1.548 168.361
1.58 157.428
1.612 146.651
1.644 136.469
1.676 127.141
1.708 118.801
1.74 111.531
1.772 105.325
1.804 100.011
1.836 95.6976
1.868 92.1383
1.9 89.1321
1.932 86.6632
1.964 84.5334
1.996 82.617
2.028 80.8865
2.06 79.2342
2.092 77.5906
2.124 75.9071
2.156 74.1576
2.188 72.3391
2.22 70.4701
2.252 68.588
2.284 66.7431
2.316 64.9919
2.348 63.3358
2.38 61.8898
2.412 60.6832
2.444 59.5728
2.476 58.878
2.508 58.2516
2.54 58.0663
2.572 57.9115
2.604 57.9653
2.636 58.3401
2.668 58.6965
2.7 59.1604
2.732 59.6927
2.764 60.2526
2.796 60.7071
2.828 61.1557
2.86 61.5229
2.892 61.7823
2.924 61.9137
2.956 61.9044
2.988 61.7501
3.02 61.4551
3.052 61.2588
3.084 60.6931
3.116 60.0386
3.148 59.3309
3.18 58.609
3.212 57.9119
3.244 57.1964
3.276 56.6004
3.308 56.1298
3.34 55.5622
3.372 55.3613
3.404 55.3184
3.436 55.1206
3.468 55.3727
