0.3 5.69877
0.332 11.216
0.364 24.0235
0.396 60.9891
0.428 205.934
0.46 511.329
0.492 234.373
0.524 107.149
0.556 64.3652
0.588 45.476
0.62 35.3338
0.652 29.1009
0.684 24.9502
0.716 22.0588
0.748 20.0494
0.78 18.7333
0.812 17.9711
0.844 17.6632
0.876 17.7542
0.908 18.1567
0.94 18.7646
0.972 19.5026
1.004 20.2909
1.036 21.0431
1.068 21.6835
1.1 22.2164
1.132 22.58
1.164 22.7843
1.196 22.8751
1.228 22.9298
1.26 22.98
1.292 23.105
1.324 23.3785
1.356 23.8559
1.388 24.4769
1.42 25.3312
1.452 26.4234
1.484 27.7342
1.516 29.2216
1.548 30.8249
1.58 32.4791
1.612 34.1299
1.644 35.7569
1.676 37.159
1.708 38.4819
1.74 39.5935
1.772 40.4648
1.804 41.2696
1.836 41.6492
1.868 41.8364
1.9 41.9786
1.932 41.9341
1.964 41.8844
1.996 41.9148
2.028 41.967
2.06 42.1368
2.092 42.4761
2.124 43.0207
2.156 43.7878
2.188 44.775
2.22 45.9617
2.252 47.3117
2.284 48.7777
2.316 50.3055
2.348 51.7896
2.38 53.3405
2.412 54.7888
2.444 56.2386
2.476 57.4099
2.508 58.6275
2.54 59.3914
2.572 60.2451
2.604 60.91
2.636 61.005
2.668 61.2468
2.7 61.2943
2.732 61.1615
2.764 60.8725
2.796 60.3528
2.828 59.9511
2.86 59.5279
2.892 59.1279
2.924 58.7928
2.956 58.5571
2.988 58.4453
3.02 58.4702
3.052 58.2188
3.084 58.5211
3.116 58.9493
3.148 59.4734
3.18 60.0599
3.212 60.674
3.244 61.0857
3.276 61.7293
3.308 62.307
3.34 62.7784
3.372 63.222
3.404 63.5468
3.436 63.8673
3.468 63.9775
