1.785 23411.2
1.80123 20963.6
1.81746 18788.6
1.83369 16853.8
1.84992 15131.1
1.86616 13595.7
1.88239 12226
1.89862 11002.9
1.91485 9909.74
1.93108 8931.88
1.94731 8056.39
1.96354 7271.88
1.97977 6568.3
1.99601 5936.78
2.01224 5369.5
2.02847 4859.51
2.0447 4400.68
2.06093 3987.56
2.07716 3615.32
2.09339 3279.68
2.10962 2976.82
2.12586 2703.35
2.14209 2456.25
2.15832 2232.83
2.17455 2030.69
2.19078 1847.68
2.20701 1681.9
2.22324 1531.62
2.23947 1395.33
2.25571 1271.64
2.27194 1159.32
2.28817 1057.28
2.3044 964.524
2.32063 880.163
2.33686 803.397
2.35309 733.509
2.36932 669.851
2.38556 611.84
2.40179 558.952
2.41802 510.713
2.43425 466.695
2.45048 426.512
2.46671 389.815
2.48294 356.289
2.49917 325.648
2.51541 297.634
2.53164 272.013
2.54787 248.573
2.5641 227.121
2.58033 207.483
2.59656 189.5
2.61279 173.028
2.62902 157.937
2.64526 144.107
2.66149 131.431
2.67772 119.809
2.69395 109.153
2.71018 99.3791
2.72641 90.4143
2.74264 82.1901
2.75887 74.6447
2.77511 67.7212
2.79134 61.3682
2.80757 55.5382
2.8238 50.1882
2.84003 45.2786
2.85626 40.7734
2.87249 36.6394
2.88872 32.8464
2.90495 29.3666
2.92119 26.1747
2.93742 23.2474
2.95365 20.5634
2.96988 18.103
2.98611 15.8483
3.00234 13.7829
3.01857 11.8915
3.0348 10.1602
3.05104 8.57639
3.06727 7.1282
3.0835 5.80486
3.09973 4.59646
3.11596 3.49386
3.13219 2.48866
3.14842 1.57314
3.16465 0.740171
3.18089 -0.0167861
3.19712 -0.703769
3.21335 -1.32634
3.22958 -1.88961
3.24581 -2.3983
3.26204 -2.85677
3.27827 -3.26902
3.2945 -3.63876
3.31074 -3.96938
3.32697 -4.26404
3.3432 -4.52563
3.35943 -4.75684
3.37566 -4.96012
3.39189 -5.13777
3.40812 -5.29189
3.42435 -5.42441
3.44059 -5.53712
3.45682 -5.63169
3.47305 -5.70963
3.48928 -5.77236
3.50551 -5.82118
3.52174 -5.85729
3.53797 -5.88179
3.5542 -5.89571
3.57044 -5.9
3.58667 -5.89552
3.6029 -5.88308
3.61913 -5.86343
3.63536 -5.83724
3.65159 -5.80515
3.66782 -5.76774
3.68405 -5.72554
3.70029 -5.67906
3.71652 -5.62875
3.73275 -5.57503
3.74898 -5.51829
3.76521 -5.45887
3.78144 -5.39712
3.79767 -5.33333
3.8139 -5.26778
3.83014 -5.20072
3.84637 -5.13239
3.8626 -5.063
3.87883 -4.99275
3.89506 -4.92182
3.91129 -4.85037
3.92752 -4.77855
3.94375 -4.70651
3.95998 -4.63437
3.97622 -4.56224
3.99245 -4.49023
4.00868 -4.41842
4.02491 -4.34692
4.04114 -4.27579
4.05737 -4.2051
4.0736 -4.13493
4.08983 -4.06531
4.10607 -3.99632
4.1223 -3.92798
4.13853 -3.86035
4.15476 -3.79345
4.17099 -3.72733
4.18722 -3.66199
4.20345 -3.59748
4.21968 -3.53381
4.23592 -3.47099
4.25215 -3.40905
4.26838 -3.34799
4.28461 -3.28783
4.30084 -3.22856
4.31707 -3.17021
4.3333 -3.11276
4.34953 -3.05622
4.36577 -3.00059
4.382 -2.94588
4.39823 -2.89207
4.41446 -2.83917
4.43069 -2.78717
4.44692 -2.73607
4.46315 -2.68585
4.47938 -2.63652
4.49562 -2.58805
4.51185 -2.54046
4.52808 -2.49372
4.54431 -2.44783
4.56054 -2.40277
4.57677 -2.35855
4.593 -2.31514
4.60923 -2.27253
4.62547 -2.23072
4.6417 -2.18969
4.65793 -2.14944
4.67416 -2.10995
4.69039 -2.0712
4.70662 -2.0332
4.72285 -1.99591
4.73908 -1.95935
4.75532 -1.92348
4.77155 -1.8883
4.78778 -1.8538
4.80401 -1.81997
4.82024 -1.7868
4.83647 -1.75426
4.8527 -1.72236
4.86893 -1.69108
4.88517 -1.66041
4.9014 -1.63033
4.91763 -1.60084
4.93386 -1.57193
4.95009 -1.54358
4.96632 -1.51579
4.98255 -1.48853
4.99878 -1.46182
5.01502 -1.43562
5.03125 -1.40994
5.04748 -1.38475
5.06371 -1.36006
5.07994 -1.33586
5.09617 -1.31213
5.1124 -1.28886
5.12863 -1.26604
5.14486 -1.24367
5.1611 -1.22174
5.17733 -1.20023
5.19356 -1.17915
5.20979 -1.15847
5.22602 -1.1382
5.24225 -1.11832
5.25848 -1.09882
5.27471 -1.07971
5.29095 -1.06097
5.30718 -1.04258
5.32341 -1.02456
5.33964 -1.00688
5.35587 -0.989545
5.3721 -0.972543
5.38833 -0.955868
5.40456 -0.939514
5.4208 -0.923474
5.43703 -0.907742
5.45326 -0.892311
5.46949 -0.877175
5.48572 -0.862328
5.50195 -0.847764
5.51818 -0.833477
5.53441 -0.819462
5.55065 -0.805714
5.56688 -0.792225
5.58311 -0.778992
5.59934 -0.766009
5.61557 -0.753271
5.6318 -0.740772
5.64803 -0.728508
5.66426 -0.716475
5.6805 -0.704667
5.69673 -0.69308
5.71296 -0.681709
5.72919 -0.67055
5.74542 -0.659598
5.76165 -0.64885
5.77788 -0.638301
5.79411 -0.627947
5.81035 -0.617784
5.82658 -0.607809
5.84281 -0.598017
5.85904 -0.588404
5.87527 -0.578968
5.8915 -0.569705
5.90773 -0.560611
5.92396 -0.551682
5.9402 -0.542916
5.95643 -0.534309
5.97266 -0.525858
5.98889 -0.517559
6.00512 -0.50941
6.02135 -0.501408
6.03758 -0.49355
6.05381 -0.485833
6.07005 -0.478254
6.08628 -0.47081
6.10251 -0.463499
6.11874 -0.456318
6.13497 -0.449265
6.1512 -0.442337
6.16743 -0.435531
6.18366 -0.428845
6.19989 -0.422277
6.21613 -0.415824
6.23236 -0.409485
6.24859 -0.403256
6.26482 -0.397137
6.28105 -0.391124
6.29728 -0.385215
6.31351 -0.379409
6.32974 -0.373704
6.34598 -0.368097
6.36221 -0.362587
6.37844 -0.357172
6.39467 -0.35185
6.4109 -0.34662
6.42713 -0.341478
6.44336 -0.336425
6.45959 -0.331457
6.47583 -0.326574
6.49206 -0.321774
6.50829 -0.317055
6.52452 -0.312416
6.54075 -0.307855
6.55698 -0.303371
6.57321 -0.298962
6.58944 -0.294627
6.60568 -0.290364
6.62191 -0.286173
6.63814 -0.282051
6.65437 -0.277998
6.6706 -0.274012
6.68683 -0.270092
6.70306 -0.266236
6.71929 -0.262444
6.73553 -0.258715
6.75176 -0.255046
6.76799 -0.251438
6.78422 -0.247889
6.80045 -0.244397
6.81668 -0.240962
6.83291 -0.237584
6.84914 -0.234259
6.86538 -0.230989
6.88161 -0.227771
6.89784 -0.224605
6.91407 -0.22149
6.9303 -0.218425
6.94653 -0.215409
6.96276 -0.212441
6.97899 -0.20952
6.99523 -0.206646
7.01146 -0.203818
7.02769 -0.201034
7.04392 -0.198294
7.06015 -0.195597
7.07638 -0.192943
7.09261 -0.19033
7.10884 -0.187759
7.12508 -0.185227
7.14131 -0.182735
7.15754 -0.180282
7.17377 -0.177867
7.19 -0.17549
7.20623 -0.173149
7.22246 -0.170844
7.23869 -0.168575
7.25492 -0.166341
7.27116 -0.164141
7.28739 -0.161975
7.30362 -0.159842
7.31985 -0.157741
7.33608 -0.155673
7.35231 -0.153636
7.36854 -0.15163
7.38477 -0.149654
7.40101 -0.147708
7.41724 -0.145791
7.43347 -0.143903
7.4497 -0.142043
7.46593 -0.140212
7.48216 -0.138407
7.49839 -0.13663
7.51462 -0.134879
7.53086 -0.133154
7.54709 -0.131455
7.56332 -0.12978
7.57955 -0.128131
7.59578 -0.126506
7.61201 -0.124904
7.62824 -0.123327
7.64447 -0.121772
7.66071 -0.12024
7.67694 -0.11873
7.69317 -0.117243
7.7094 -0.115777
7.72563 -0.114332
7.74186 -0.112908
7.75809 -0.111505
7.77432 -0.110122
7.79056 -0.108759
7.80679 -0.107416
7.82302 -0.106091
7.83925 -0.104786
7.85548 -0.103499
7.87171 -0.102231
7.88794 -0.100981
7.90417 -0.0997482
7.92041 -0.0985331
7.93664 -0.0973352
7.95287 -0.0961542
7.9691 -0.0949899
7.98533 -0.0938419
8.00156 -0.09271
8.01779 -0.091594
8.03402 -0.0904935
8.05026 -0.0894085
8.06649 -0.0883385
8.08272 -0.0872834
8.09895 -0.0862429
8.11518 -0.0852169
8.13141 -0.084205
8.14764 -0.083207
8.16387 -0.0822228
8.18011 -0.0812522
8.19634 -0.0802948
8.21257 -0.0793505
8.2288 -0.0784192
8.24503 -0.0775005
8.26126 -0.0765944
8.27749 -0.0757005
8.29372 -0.0748188
8.30995 -0.073949
8.32619 -0.0730909
8.34242 -0.0722444
8.35865 -0.0714093
8.37488 -0.0705854
8.39111 -0.0697726
8.40734 -0.0689706
8.42357 -0.0681794
8.4398 -0.0673987
8.45604 -0.0666283
8.47227 -0.0658683
8.4885 -0.0651183
8.50473 -0.0643782
8.52096 -0.0636479
8.53719 -0.0629272
8.55342 -0.062216
8.56965 -0.0615141
8.58589 -0.0608215
8.60212 -0.0601379
8.61835 -0.0594632
8.63458 -0.0587974
8.65081 -0.0581402
8.66704 -0.0574916
8.68327 -0.0568513
8.6995 -0.0562194
8.71574 -0.0555956
8.73197 -0.0549798
8.7482 -0.054372
8.76443 -0.053772
8.78066 -0.0531797
8.79689 -0.052595
8.81312 -0.0520178
8.82935 -0.0514479
8.84559 -0.0508853
8.86182 -0.0503298
8.87805 -0.0497814
8.89428 -0.04924
8.91051 -0.0487054
8.92674 -0.0481775
8.94297 -0.0476563
8.9592 -0.0471416
8.97544 -0.0466334
8.99167 -0.0461316
9.0079 -0.0456361
9.02413 -0.0451467
9.04036 -0.0446635
9.05659 -0.0441863
9.07282 -0.043715
9.08905 -0.0432495
9.10529 -0.0427898
9.12152 -0.0423358
9.13775 -0.0418874
9.15398 -0.0414445
9.17021 -0.0410071
9.18644 -0.040575
9.20267 -0.0401483
9.2189 -0.0397267
9.23514 -0.0393103
9.25137 -0.038899
9.2676 -0.0384927
9.28383 -0.0380913
9.30006 -0.0376948
9.31629 -0.0373031
9.33252 -0.0369161
9.34875 -0.0365338
9.36498 -0.0361561
9.38122 -0.035783
9.39745 -0.0354143
9.41368 -0.03505
9.42991 -0.0346902
9.44614 -0.0343346
9.46237 -0.0339832
9.4786 -0.033636
9.49483 -0.033293
9.51107 -0.032954
9.5273 -0.0326191
9.54353 -0.0322881
9.55976 -0.031961
9.57599 -0.0316377
9.59222 -0.0313183
9.60845 -0.0310026
9.62468 -0.0306907
9.64092 -0.0303823
9.65715 -0.0300776
9.67338 -0.0297765
9.68961 -0.0294788
9.70584 -0.0291846
9.72207 -0.0288939
9.7383 -0.0286065
9.75453 -0.0283224
9.77077 -0.0280416
9.787 -0.027764
9.80323 -0.0274897
9.81946 -0.0272185
9.83569 -0.0269504
9.85192 -0.0266854
9.86815 -0.0264234
9.88438 -0.0261644
9.90062 -0.0259084
9.91685 -0.0256553
9.93308 -0.025405
9.94931 -0.0251576
9.96554 -0.0249131
9.98177 -0.0246712
9.998 -0.0244321
10.0142 -0.0241957
10.0305 -0.023962
10.0467 -0.0237309
10.0629 -0.0235024
10.0792 -0.0232764
10.0954 -0.023053
10.1116 -0.0228321
10.1279 -0.0226136
10.1441 -0.0223976
10.1603 -0.022184
10.1765 -0.0219727
10.1928 -0.0217638
10.209 -0.0215572
10.2252 -0.0213529
10.2415 -0.0211508
10.2577 -0.020951
10.2739 -0.0207534
10.2902 -0.0205579
10.3064 -0.0203646
10.3226 -0.0201734
10.3389 -0.0199842
10.3551 -0.0197972
10.3713 -0.0196122
10.3876 -0.0194292
10.4038 -0.0192481
10.42 -0.0190691
10.4362 -0.018892
10.4525 -0.0187168
10.4687 -0.0185435
10.4849 -0.018372
10.5012 -0.0182024
10.5174 -0.0180347
10.5336 -0.0178687
10.5499 -0.0177045
10.5661 -0.0175421
10.5823 -0.0173814
10.5986 -0.0172224
10.6148 -0.0170651
10.631 -0.0169095
10.6473 -0.0167555
10.6635 -0.0166032
10.6797 -0.0164524
10.6959 -0.0163033
10.7122 -0.0161558
10.7284 -0.0160098
10.7446 -0.0158653
10.7609 -0.0157223
10.7771 -0.0155809
10.7933 -0.0154409
10.8096 -0.0153024
10.8258 -0.0151654
10.842 -0.0150297
10.8583 -0.0148955
10.8745 -0.0147627
10.8907 -0.0146313
10.907 -0.0145012
10.9232 -0.0143725
10.9394 -0.0142451
10.9556 -0.014119
10.9719 -0.0139942
10.9881 -0.0138707
11.0043 -0.0137485
11.0206 -0.0136275
11.0368 -0.0135078
11.053 -0.0133892
11.0693 -0.0132719
11.0855 -0.0131558
11.1017 -0.0130409
11.118 -0.0129272
11.1342 -0.0128146
11.1504 -0.0127031
11.1667 -0.0125928
11.1829 -0.0124836
11.1991 -0.0123755
11.2153 -0.0122684
11.2316 -0.0121625
11.2478 -0.0120576
11.264 -0.0119538
11.2803 -0.011851
11.2965 -0.0117493
11.3127 -0.0116485
11.329 -0.0115488
11.3452 -0.0114501
11.3614 -0.0113523
11.3777 -0.0112556
11.3939 -0.0111597
11.4101 -0.0110649
11.4264 -0.0109709
11.4426 -0.0108779
11.4588 -0.0107859
11.475 -0.0106947
11.4913 -0.0106044
11.5075 -0.010515
11.5237 -0.0104265
11.54 -0.0103389
11.5562 -0.0102521
11.5724 -0.0101661
11.5887 -0.010081
11.6049 -0.00999678
11.6211 -0.00991333
11.6374 -0.00983069
11.6536 -0.00974886
11.6698 -0.00966782
11.6861 -0.00958756
11.7023 -0.00950808
11.7185 -0.00942937
11.7347 -0.00935141
11.751 -0.00927421
11.7672 -0.00919775
11.7834 -0.00912202
11.7997 -0.00904702
11.8159 -0.00897274
11.8321 -0.00889917
11.8484 -0.0088263
11.8646 -0.00875412
11.8808 -0.00868264
11.8971 -0.00861183
11.9133 -0.0085417
11.9295 -0.00847223
11.9458 -0.00840342
11.962 -0.00833526
11.9782 -0.00826774
11.9944 -0.00820086
12.0107 -0.00813461
12.0269 -0.00806899
12.0431 -0.00800398
12.0594 -0.00793958
12.0756 -0.00787579
12.0918 -0.00781259
12.1081 -0.00774998
12.1243 -0.00768796
12.1405 -0.00762651
12.1568 -0.00756564
12.173 -0.00750533
12.1892 -0.00744559
12.2055 -0.00738639
12.2217 -0.00732775
12.2379 -0.00726965
12.2541 -0.00721208
12.2704 -0.00715505
12.2866 -0.00709854
12.3028 -0.00704255
12.3191 -0.00698707
12.3353 -0.00693211
12.3515 -0.00687765
12.3678 -0.00682368
12.384 -0.00677021
12.4002 -0.00671723
12.4165 -0.00666473
12.4327 -0.00661271
12.4489 -0.00656116
12.4652 -0.00651008
12.4814 -0.00645946
12.4976 -0.00640931
12.5138 -0.0063596
12.5301 -0.00631034
12.5463 -0.00626153
12.5625 -0.00621316
12.5788 -0.00616523
12.595 -0.00611772
12.6112 -0.00607064
12.6275 -0.00602399
12.6437 -0.00597775
12.6599 -0.00593192
12.6762 -0.0058865
12.6924 -0.00584149
12.7086 -0.00579688
12.7248 -0.00575267
12.7411 -0.00570885
12.7573 -0.00566542
12.7735 -0.00562237
12.7898 -0.0055797
12.806 -0.00553742
12.8222 -0.0054955
12.8385 -0.00545396
12.8547 -0.00541278
12.8709 -0.00537196
12.8872 -0.0053315
12.9034 -0.0052914
12.9196 -0.00525164
12.9359 -0.00521224
12.9521 -0.00517318
12.9683 -0.00513446
12.9845 -0.00509608
13.0008 -0.00505803
13.017 -0.00502032
13.0332 -0.00498293
13.0495 -0.00494586
13.0657 -0.00490912
13.0819 -0.0048727
13.0982 -0.00483659
13.1144 -0.00480079
13.1306 -0.0047653
13.1469 -0.00473011
13.1631 -0.00469523
13.1793 -0.00466065
13.1956 -0.00462637
13.2118 -0.00459238
13.228 -0.00455868
13.2442 -0.00452526
13.2605 -0.00449214
13.2767 -0.00445929
13.2929 -0.00442673
13.3092 -0.00439444
13.3254 -0.00436243
13.3416 -0.00433069
13.3579 -0.00429922
13.3741 -0.00426801
13.3903 -0.00423707
13.4066 -0.00420639
13.4228 -0.00417597
13.439 -0.0041458
13.4553 -0.00411589
13.4715 -0.00408623
13.4877 -0.00405682
13.5039 -0.00402766
13.5202 -0.00399874
13.5364 -0.00397006
13.5526 -0.00394162
13.5689 -0.00391342
13.5851 -0.00388545
13.6013 -0.00385772
13.6176 -0.00383022
13.6338 -0.00380294
13.65 -0.0037759
13.6663 -0.00374907
13.6825 -0.00372247
13.6987 -0.00369609
13.715 -0.00366993
13.7312 -0.00364398
13.7474 -0.00361825
13.7636 -0.00359272
13.7799 -0.00356741
13.7961 -0.00354231
13.8123 -0.00351741
13.8286 -0.00349271
13.8448 -0.00346822
13.861 -0.00344393
13.8773 -0.00341983
13.8935 -0.00339593
13.9097 -0.00337223
13.926 -0.00334872
13.9422 -0.0033254
13.9584 -0.00330227
13.9747 -0.00327932
13.9909 -0.00325657
14.0071 -0.00323399
14.0233 -0.0032116
14.0396 -0.00318939
14.0558 -0.00316736
14.072 -0.00314551
14.0883 -0.00312383
14.1045 -0.00310232
14.1207 -0.00308099
14.137 -0.00305983
14.1532 -0.00303884
14.1694 -0.00301802
14.1857 -0.00299736
14.2019 -0.00297687
14.2181 -0.00295654
14.2344 -0.00293637
14.2506 -0.00291636
14.2668 -0.00289651
14.283 -0.00287682
14.2993 -0.00285729
14.3155 -0.00283791
14.3317 -0.00281868
14.348 -0.0027996
14.3642 -0.00278068
14.3804 -0.0027619
14.3967 -0.00274327
14.4129 -0.00272479
14.4291 -0.00270645
14.4454 -0.00268826
14.4616 -0.00267021
14.4778 -0.0026523
14.4941 -0.00263453
14.5103 -0.0026169
14.5265 -0.00259941
14.5427 -0.00258205
14.559 -0.00256483
14.5752 -0.00254774
14.5914 -0.00253079
14.6077 -0.00251396
14.6239 -0.00249727
14.6401 -0.00248071
14.6564 -0.00246427
14.6726 -0.00244796
14.6888 -0.00243178
14.7051 -0.00241572
14.7213 -0.00239978
14.7375 -0.00238397
14.7538 -0.00236828
14.77 -0.00235271
14.7862 -0.00233725
14.8024 -0.00232192
14.8187 -0.0023067
14.8349 -0.0022916
14.8511 -0.00227662
14.8674 -0.00226175
14.8836 -0.00224699
14.8998 -0.00223235
14.9161 -0.00221781
14.9323 -0.00220339
14.9485 -0.00218907
14.9648 -0.00217487
14.981 -0.00216077
14.9972 -0.00214678
15.0135 -0.00213289
15.0297 -0.00211911
15.0459 -0.00210543
15.0621 -0.00209185
15.0784 -0.00207838
15.0946 -0.00206501
15.1108 -0.00205174
15.1271 -0.00203856
15.1433 -0.00202549
15.1595 -0.00201251
15.1758 -0.00199964
15.192 -0.00198685
15.2082 -0.00197416
15.2245 -0.00196157
15.2407 -0.00194907
15.2569 -0.00193666
15.2732 -0.00192435
15.2894 -0.00191212
15.3056 -0.00189999
15.3218 -0.00188795
15.3381 -0.00187599
15.3543 -0.00186413
15.3705 -0.00185235
15.3868 -0.00184065
15.403 -0.00182905
15.4192 -0.00181753
15.4355 -0.00180609
15.4517 -0.00179474
15.4679 -0.00178347
15.4842 -0.00177228
15.5004 -0.00176118
15.5166 -0.00175015
15.5329 -0.00173921
15.5491 -0.00172835
15.5653 -0.00171756
15.5815 -0.00170685
15.5978 -0.00169623
15.614 -0.00168567
15.6302 -0.0016752
15.6465 -0.0016648
15.6627 -0.00165448
15.6789 -0.00164423
15.6952 -0.00163405
15.7114 -0.00162395
15.7276 -0.00161392
15.7439 -0.00160396
15.7601 -0.00159408
15.7763 -0.00158426
15.7926 -0.00157452
15.8088 -0.00156485
15.825 -0.00155524
15.8412 -0.00154571
15.8575 -0.00153624
15.8737 -0.00152684
15.8899 -0.0015175
15.9062 -0.00150824
15.9224 -0.00149904
15.9386 -0.0014899
15.9549 -0.00148083
15.9711 -0.00147182
15.9873 -0.00146288
16.0036 -0.001454
16.0198 -0.00144519
16.036 -0.00143643
16.0523 -0.00142774
16.0685 -0.00141911
16.0847 -0.00141054
16.1009 -0.00140203
16.1172 -0.00139358
16.1334 -0.00138519
16.1496 -0.00137686
16.1659 -0.00136858
16.1821 -0.00136037
16.1983 -0.00135221
16.2146 -0.00134411
16.2308 -0.00133607
16.247 -0.00132808
16.2633 -0.00132015
16.2795 -0.00131227
16.2957 -0.00130445
16.312 -0.00129668
16.3282 -0.00128896
16.3444 -0.0012813
16.3606 -0.00127369
16.3769 -0.00126614
16.3931 -0.00125864
16.4093 -0.00125119
16.4256 -0.00124379
16.4418 -0.00123644
16.458 -0.00122914
16.4743 -0.00122189
16.4905 -0.00121469
16.5067 -0.00120754
16.523 -0.00120045
16.5392 -0.00119339
16.5554 -0.00118639
16.5717 -0.00117944
16.5879 -0.00117253
16.6041 -0.00116567
16.6203 -0.00115886
16.6366 -0.00115209
16.6528 -0.00114537
16.669 -0.00113869
16.6853 -0.00113206
16.7015 -0.00112548
16.7177 -0.00111894
16.734 -0.00111244
16.7502 -0.00110599
16.7664 -0.00109958
16.7827 -0.00109322
16.7989 -0.0010869
16.8151 -0.00108062
16.8314 -0.00107438
16.8476 -0.00106818
16.8638 -0.00106203
16.88 -0.00105592
16.8963 -0.00104985
16.9125 -0.00104382
16.9287 -0.00103783
16.945 -0.00103188
16.9612 -0.00102597
16.9774 -0.00102009
16.9937 -0.00101426
17.0099 -0.00100847
17.0261 -0.00100272
17.0424 -0.000997
17.0586 -0.000991321
17.0748 -0.000985681
17.0911 -0.000980078
17.1073 -0.000974512
17.1235 -0.000968983
17.1397 -0.000963491
17.156 -0.000958034
17.1722 -0.000952614
17.1884 -0.00094723
17.2047 -0.000941881
17.2209 -0.000936567
17.2371 -0.000931288
17.2534 -0.000926044
17.2696 -0.000920834
17.2858 -0.000915659
17.3021 -0.000910517
17.3183 -0.000905409
17.3345 -0.000900334
17.3508 -0.000895293
17.367 -0.000890284
17.3832 -0.000885309
17.3994 -0.000880365
17.4157 -0.000875454
17.4319 -0.000870574
17.4481 -0.000865727
17.4644 -0.000860911
17.4806 -0.000856126
17.4968 -0.000851372
17.5131 -0.000846648
17.5293 -0.000841956
17.5455 -0.000837293
17.5618 -0.000832661
17.578 -0.000828059
17.5942 -0.000823486
17.6105 -0.000818943
17.6267 -0.000814428
17.6429 -0.000809943
17.6591 -0.000805487
17.6754 -0.000801059
17.6916 -0.00079666
17.7078 -0.000792289
17.7241 -0.000787946
17.7403 -0.00078363
17.7565 -0.000779342
17.7728 -0.000775082
17.789 -0.000770848
17.8052 -0.000766642
17.8215 -0.000762462
17.8377 -0.000758309
17.8539 -0.000754182
17.8702 -0.000750081
17.8864 -0.000746007
17.9026 -0.000741958
17.9188 -0.000737935
17.9351 -0.000733937
17.9513 -0.000729964
17.9675 -0.000726017
17.9838 -0.000722094
18 -0.000718196
