0.3 64.8164
0.332 107.513
0.364 133.273
0.396 178.111
0.428 325.065
0.46 632.982
0.492 346.482
0.524 211.807
0.556 182.362
0.588 180.913
0.62 174.451
0.652 182.29
0.684 190.619
0.716 191.57
0.748 192.285
0.78 189.006
0.812 188.944
0.844 193.289
0.876 193.196
0.908 193.943
0.94 198.235
0.972 204.265
1.004 211.317
1.036 220.563
1.068 231.956
1.1 245.695
1.132 262.69
1.164 281.2
1.196 301.661
1.228 325.878
1.26 349.49
1.292 369.729
1.324 387.82
1.356 400.037
1.388 407.766
1.42 411.817
1.452 409.819
1.484 401.856
1.516 391.423
1.548 380.898
1.58 372.234
1.612 361.591
1.644 352.81
1.676 344.224
1.708 337.122
1.74 330.959
1.772 325.698
1.804 322.963
1.836 318.798
1.868 315.461
1.9 314.235
1.932 312.133
1.964 311.132
1.996 311.055
2.028 311.833
2.06 312.963
2.092 313.693
2.124 313.047
2.156 311.073
2.188 313.325
2.22 318.965
2.252 325.927
2.284 332.504
2.316 338.074
2.348 339.589
2.38 345.075
2.412 348.569
2.444 350.651
2.476 352.481
2.508 353.87
2.54 354.056
2.572 354.591
2.604 354.768
2.636 353.333
2.668 352.613
2.7 351.458
2.732 349.78
2.764 347.452
2.796 344.691
2.828 341.817
2.86 338.531
2.892 334.9
2.924 331.014
2.956 326.969
2.988 322.858
3.02 318.749
3.052 311.617
3.084 307.955
3.116 305.426
3.148 302.568
3.18 298.976
3.212 295.273
3.244 291.211
3.276 287.565
3.308 284.765
3.34 277.901
3.372 278.202
3.404 277.271
3.436 273.265
3.468 273.395
